BEIJING 1               
1 28890U 05043A   22044.54805094  .00000262  00000+0  62259-4 0  9993
2 28890  98.0992 169.3776 0014975 197.2887 162.7809 14.61384760869043
HJ-1A                   
1 33320U 08041A   22044.51092455  .00000279  00000+0  45725-4 0  9991
2 33320  97.6942  83.2834 0019572 275.8715  84.0274 14.77734579724087
HJ-1B                   
1 33321U 08041B   22044.51126762  .00000688  00000+0  10260-3 0  9990
2 33321  97.7133  86.6005 0033342 294.5551  65.2203 14.77547541724089
YAOGAN 4                
1 33446U 08061A   22044.42772533  .00000408  00000+0  64528-4 0  9990
2 33446  97.8049 348.4395 0016382 171.0437 189.1069 14.77226278711287
DEIMOS-1                
1 35681U 09041A   22044.54477551  .00000345  00000+0  62437-4 0  9994
2 35681  97.7291 261.8737 0000132 189.3075 170.8133 14.71967521673544
UK-DMC 2                
1 35683U 09041C   22044.51446812  .00000284  00000+0  53380-4 0  9998
2 35683  97.6862 224.3794 0001212  80.6149 279.5210 14.71286654673297
RISAT 1                 
1 38248U 12017A   22044.53783707  .00002489  00000+0  15247-3 0  9992
2 38248  97.5572  57.3340 0003412 350.1803   9.9359 15.11103082540101
DMC3-FM1                
1 40715U 15032A   22044.50704380  .00000317  00000+0  46552-4 0  9993
2 40715  97.8645 293.6386 0005494 191.9386 168.1692 14.81928844354930
DMC3-FM2                
1 40716U 15032B   22044.52921285  .00000305  00000+0  45147-4 0  9997
2 40716  97.8685 294.2413 0007543 196.5134 163.5843 14.81902791354943
DMC3-FM3                
1 40717U 15032C   22044.55172008  .00000316  00000+0  46495-4 0  9991
2 40717  97.8714 295.1259 0008978 194.9736 165.1210 14.81951011354943
