SAUDISAT 1C             
1 27607U 02058C   22044.46811771  .00000672  00000+0  11440-3 0  9991
2 27607  64.5563 321.2412 0069320 319.3167  40.2768 14.75916763 30074
SAUDISAT 2              
1 28371U 04025F   22044.46243184  .00000215  00000+0  61144-4 0  9993
2 28371  98.3599   1.0806 0026364 124.6115 235.7594 14.54485490935266
SAUDISAT 3              
1 31118U 07012B   22044.43048891  .00000147  00000+0  33157-4 0  9997
2 31118  97.9544 354.5897 0014083 227.5873 132.4143 14.69256449794890
PISAT                   
1 41784U 16059B   22044.55420100  .00000450  00000+0  94606-4 0  9991
2 41784  97.9350  92.6254 0031498 198.9126 161.0909 14.63750405287567
FLYING LAPTOP           
1 42831U 17042G   22044.42790518  .00001257  00000+0  13050-3 0  9996
2 42831  97.4394 265.9895 0015463  65.3435 294.9391 14.91514027249607
SALSAT                  
1 46495U 20068K   22044.56346099  .00002184  00000+0  16270-3 0  9991
2 46495  97.7195 345.9837 0016104 343.2096  16.8594 15.03888094 75568
