STARLETTE               
1 07646U 75010A   22044.55747935 -.00000118  00000+0  17872-4 0  9992
2 07646  49.8227 239.2165 0205738 228.3423 129.9695 13.82311013375340
LAGEOS 1                
1 08820U 76039A   22044.43697442 -.00000009  00000+0  00000+0 0  9992
2 08820 109.8607 356.5049 0045112 281.3022 227.9041  6.38665007811932
AJISAI (EGS)            
1 16908U 86061A   22044.56929399 -.00000094  00000+0  23198-4 0  9999
2 16908  50.0117 339.9679 0011389 106.4612 246.0512 12.44495201283069
COSMOS 1989 (ETALON 1)  
1 19751U 89001C   22044.47275765 -.00000012  00000+0  00000+0 0  9998
2 19751  64.2738 126.6515 0023617 212.7893 144.3557  2.13156333257585
COSMOS 2024 (ETALON 2)  
1 20026U 89039C   22044.36590091 -.00000068  00000+0  00000+0 0  9997
2 20026  65.5509   4.5876 0018399 219.3210 304.9369  2.13204363254717
LAGEOS 2                
1 22195U 92070B   22044.40458147 -.00000009  00000+0  00000+0 0  9990
2 22195  52.6405 188.2003 0137548 214.5553 190.5265  6.47294097692821
STELLA                  
1 22824U 93061B   22044.54940024 -.00000030  00000+0  69303-5 0  9996
2 22824  98.9735  62.2691 0006930 146.5115 332.6499 14.27387790478708
LARES                   
1 38077U 12006A   22044.57113594 -.00000031  00000+0  45150-4 0  9994
2 38077  69.4923 118.9087 0006353 106.5634 253.6069 12.54931368458365
