GORIZONT 1 [-]          
1 11158U 78118A   22043.93523966 -.00000022  00000+0  00000+0 0  9998
2 11158  11.1658 210.6043 3512326 274.1402  46.9922  1.00269559107049
GORIZONT 2 [-]          
1 11440U 79062A   22044.20674456 -.00000045  00000+0  00000+0 0  9998
2 11440   9.5730 303.3093 0002430 336.2698  10.7202  1.00236963122123
GORIZONT 3 [-]          
1 11648U 79105A   22043.86545679  .00000157  00000+0  00000+0 0  9994
2 11648   9.7279 304.7095 0011706 205.9491 345.3011  1.00247967106582
GORIZONT 4 [-]          
1 11841U 80049A   22043.99736880 -.00000196  00000+0  00000+0 0  9992
2 11841  10.8658 310.2951 0002016  24.8707 150.1827  0.98631289217889
GORIZONT 5 [-]          
1 13092U 82020A   22043.66354667 -.00000085  00000+0  00000+0 0  9993
2 13092  11.8354 315.5087 0032547 207.0438 327.6259  0.98531269105972
GORIZONT 6 [-]          
1 13624U 82103A   22044.48256373  .00000139  00000+0  00000+0 0  9991
2 13624  10.7451 315.5017 0000999 121.0912  89.9817  1.00200670105050
GORIZONT 7 [-]          
1 14160U 83066A   22044.59057015 -.00000154  00000+0  00000+0 0  9998
2 14160  12.3633 324.6306 0009975 324.3865 254.2092  0.98349347139168
GORIZONT 8 [-]          
1 14532U 83118A   22043.68660244 -.00000170  00000+0  00000+0 0  9990
2 14532  12.5269 326.4538 0029314 142.2908  53.2905  0.98270820104924
GORIZONT 9 [-]          
1 14940U 84041A   22043.73244906 -.00000265  00000+0  00000+0 0  9993
2 14940  11.7245 324.5569 0003154 205.2371 330.6621  1.00296786106048
GORIZONT 10 [-]         
1 15144U 84078A   22044.22994203 -.00000186  00000+0  00000+0 0  9999
2 15144  11.8102 325.5615 0001686  52.8636 120.6965  1.00170781138688
GORIZONT 11 [-]         
1 15484U 85007A   22044.00391017  .00000104  00000+0  00000+0 0  9998
2 15484  11.9779 327.5170 0002913 111.1095  82.0575  1.00329824136732
GORIZONT 12 [-]         
1 16769U 86044A   22043.73524003 -.00000343  00000+0  00000+0 0  9995
2 16769  12.5612 332.8226 0000909 357.7731 185.2106  1.00253360131362
GORIZONT 13 [-]         
1 17083U 86090A   22044.27262939 -.00000086  00000+0  00000+0 0  9997
2 17083  14.3901 339.8598 0015161 341.6743 204.1846  0.96725709103314
GORIZONT 14 [-]         
1 17969U 87040A   22043.82896688 -.00000031  00000+0  00000+0 0  9990
2 17969  13.4020 331.3845 0029697 167.0283  24.0938  0.97657458104373
GORIZONT 15 [-]         
1 19017U 88028A   22043.80440406 -.00000052  00000+0  00000+0 0  9997
2 19017  14.6507 342.7531 0035175 149.6724  35.1605  0.97827840103999
GORIZONT 16 [-]         
1 19397U 88071A   22043.73382601 -.00000352  00000+0  00000+0 0  9993
2 19397  13.5076 341.4500 0015848  51.5844 144.4512  0.99982432122386
GORIZONT 17 [-]         
1 19765U 89004A   22044.37267909 -.00000071  00000+0  00000+0 0  9991
2 19765  14.0265 344.7461 0022323 122.2523  86.9083  0.99064290119875
GORIZONT 18 [-]         
1 20107U 89052A   22043.87543192  .00000072  00000+0  00000+0 0  9991
2 20107  14.0583 346.0197 0034548 316.2641 222.7300  0.99396698118656
GORIZONT 19 [-]         
1 20263U 89081A   22043.93640330  .00000136  00000+0  00000+0 0  9996
2 20263  13.7909 345.2396 0000717 234.2514 297.6935  1.00247501 31445
GORIZONT 20 [-]         
1 20659U 90054A   22043.91993840 -.00000109  00000+0  00000+0 0  9993
2 20659  14.2055 348.0822 0005468 151.6494  49.2303  1.00322380115794
GORIZONT 21 [-]         
1 20923U 90094A   22044.59975803  .00000114  00000+0  00000+0 0  9990
2 20923  14.2087 348.8507 0002423 199.1676  11.0363  1.00339306114550
GORIZONT 22 [-]         
1 20953U 90102A   22043.77055309 -.00000354  00000+0  00000+0 0  9999
2 20953  14.1679 349.2194 0004294  17.6637 160.6105  1.00367793114472
GORIZONT 23 [-]         
1 21533U 91046A   22044.55584824 -.00000031  00000+0  00000+0 0  9990
2 21533  14.8896 353.3074 0005047 333.4672 224.4255  0.98908899 31010
GORIZONT 24 [-]         
1 21759U 91074A   22044.43522201 -.00000001  00000+0  00000+0 0  9996
2 21759  15.0267 355.1805 0015961 222.5815 337.0647  0.98441834109350
GORIZONT 25 [-]         
1 21922U 92017A   22044.20643078 -.00000288  00000+0  00000+0 0  9994
2 21922  14.5734 354.5576 0029680  73.4239 100.9002  0.99853093109110
GORIZONT 26 [-]         
1 22041U 92043A   22044.52776630  .00000066  00000+0  00000+0 0  9995
2 22041  14.7251 356.5193 0028949 232.7403 338.5676  0.99241066107740
GORIZONT 27 [-]         
1 22245U 92082A   22043.64241851 -.00000254  00000+0  00000+0 0  9998
2 22245  14.6465 356.1811 0014088   5.2742 158.7294  1.00216393111238
GORIZONT 28 [-]         
1 22880U 93069A   22044.27576925 -.00000252  00000+0  00000+0 0  9990
2 22880  14.7481 359.9889 0033223 123.9848  57.8489  0.99652381103341
GORIZONT 29 [-]         
1 22907U 93072A   22043.80579956 -.00000300  00000+0  00000+0 0  9993
2 22907  14.6641 359.4763 0011913 345.6616 189.6381  1.00120678103293
GORIZONT 30 [-]         
1 23108U 94030A   22043.80754392 -.00000365  00000+0  00000+0 0  9992
2 23108  14.6706   0.4055 0000839  36.0799 147.9704  1.00366067101562
GORIZONT 31 [-]         
1 23775U 96005A   22043.64755385 -.00000247  00000+0  00000+0 0  9990
2 23775  14.5183   6.5431 0016834 196.2836 327.0284  0.99901506 95216
GORIZONT 32 [-]         
1 23880U 96034A   22044.29434934 -.00000293  00000+0  00000+0 0  9996
2 23880  14.4615   7.0643 0009851 353.0658 189.1088  1.00167644 94161
GORIZONT 33 [-]         
1 26372U 00029A   22044.49150057 -.00000223  00000+0  00000+0 0  9990
2 26372  13.0672  18.0956 0003942  52.5857 162.6738  1.00383126 79531
