INTELSAT 26 (IS-26)     
1 24732U 97007A   22044.28318280 -.00000239  00000+0  00000+0 0  9998
2 24732   9.8833  39.5351 0011527 273.5169 269.2907  0.98909305 91363
GALAXY 25 (G-25)        
1 24812U 97026A   22044.51629161 -.00000002  00000+0  00000+0 0  9995
2 24812   3.3838  84.9029 0003466 226.3265  84.2274  1.00271571 90483
INTELSAT 5 (IS-5)       
1 24916U 97046A   22044.61031281  .00000127  00000+0  00000+0 0  9990
2 24916   6.9649  61.9042 0002652 198.6922 313.0019  1.00128996 89732
GALAXY 11 (G-11)        
1 26038U 99071A   22044.52274549 -.00000161  00000+0  00000+0 0  9992
2 26038   2.6986  89.3990 0000605 135.6063  13.5884  1.00272139 81198
INTELSAT 9 (IS-9)       
1 26451U 00043A   22044.49793868 -.00000286  00000+0  00000+0 0  9996
2 26451   6.9505  62.0828 0002689 248.6046 322.0674  1.00273287 28257
INTELSAT 1R (IS-1R)     
1 26608U 00072A   22044.51360687 -.00000138  00000+0  00000+0 0  9990
2 26608   4.1367  81.1644 0001570 356.5062  47.8260  1.00272207 25431
INTELSAT 10 (IS-10)     
1 26766U 01019A   22044.58245622  .00000035  00000+0  00000+0 0  9990
2 26766   5.2854  74.4200 0003298 250.7562 205.8728  1.00271934 29739
INTELSAT 901 (IS-901)   
1 26824U 01024A   22044.42584632 -.00000199  00000+0  00000+0 0  9993
2 26824   0.0534 275.4327 0001020  45.2265 308.5655  1.00271662  7085
INTELSAT 902 (IS-902)   
1 26900U 01039A   22044.49309156 -.00000280  00000+0  00000+0 0  9998
2 26900   2.0952  90.3921 0002712 239.7268 300.7805  1.00270357 74807
INTELSAT 904 (IS-904)   
1 27380U 02007A   22044.42549745 -.00000211  00000+0  00000+0 0  9994
2 27380   2.9275  87.2766 0003409 241.1548 298.6628  1.00278750 35878
DIRECTV 5 (TEMPO 1)     
1 27426U 02023A   22044.59286260 -.00000053  00000+0  00000+0 0  9995
2 27426   0.8162  94.7472 0003651 238.8926 273.2410  1.00272302 72236
INTELSAT 905 (IS-905)   
1 27438U 02027A   22044.35467626 -.00000183  00000+0  00000+0 0  9997
2 27438   2.7495  88.0393 0002878 239.5937 278.8911  1.00271073 35473
GALAXY 3C (G-3C)        
1 27445U 02030A   22043.90997618 -.00000147  00000+0  00000+0 0  9998
2 27445   0.0113  45.9039 0001840 281.8107  47.7270  1.00271096 30601
INTELSAT 906 (IS-906)   
1 27513U 02041A   22044.44416215  .00000016  00000+0  00000+0 0  9999
2 27513   1.7622  91.9705 0003598 250.4333  25.0761  1.00272957 71130
GALAXY 12 (G-12)        
1 27715U 03013B   22044.57775715  .00000060  00000+0  00000+0 0  9999
2 27715   2.9622  86.8582 0002346 249.4915 246.1950  1.00271961 36206
GALAXY 23 (G-23)        
1 27854U 03034A   22044.58369535  .00000016  00000+0  00000+0 0  9997
2 27854   0.0510 262.0355 0002865  68.7660 261.8996  1.00272503 67858
GALAXY 13 (HORIZONS 1)  
1 27954U 03044A   22044.57911988  .00000052  00000+0  00000+0 0  9993
2 27954   0.0234  97.1191 0000494 236.8058 251.0919  1.00270469 30688
INTELSAT 10-02          
1 28358U 04022A   22044.00050865 -.00000008  00000+0  00000+0 0  9997
2 28358   0.0608 273.6843 0000898  43.8113 184.6832  1.00271890 64651
XM-3 (RHYTHM)           
1 28626U 05008A   22044.52882937 -.00000202  00000+0  00000+0 0  9996
2 28626   0.0111  75.9822 0000609   1.3268 171.4773  1.00273070 26735
DIRECTV 8               
1 28659U 05019A   22044.58598601  .00000005  00000+0  00000+0 0  9992
2 28659   0.0181 107.4085 0003176 218.2000 269.8636  1.00271534 61186
GALAXY 28 (G-28)        
1 28702U 05022A   22044.52701223 -.00000182  00000+0  00000+0 0  9992
2 28702   0.0049 325.5822 0001876  23.2698 255.3895  1.00273412 36098
GALAXY 14 (G-14)        
1 28790U 05030A   22044.50966302  .00000158  00000+0  00000+0 0  9999
2 28790   0.9503  93.5517 0002191 229.7274  36.5837  1.00273261 60416
GALAXY 15 (G-15)        
1 28884U 05041A   22044.57453663  .00000082  00000+0  00000+0 0  9999
2 28884   0.0228 275.7223 0001526  53.8494 247.8007  1.00271110 59723
SPACEWAY 2              
1 28903U 05046B   22044.56865931  .00000106  00000+0  00000+0 0  9997
2 28903   1.6198  89.2209 0000148  95.7078  24.4386  1.00271955 35452
GALAXY 16 (G-16)        
1 29236U 06023A   22044.03868905 -.00000123  00000+0  00000+0 0  9999
2 29236   0.0128 110.7702 0002877 211.0565  96.1074  1.00271330 57070
DIRECTV 9S              
1 29494U 06043A   22044.55005183 -.00000110  00000+0  00000+0 0  9991
2 29494   0.0198 138.7456 0003165 183.3190 278.2758  1.00272776 35494
XM-4 (BLUES)            
1 29520U 06049A   22044.43642240 -.00000019  00000+0  00000+0 0  9993
2 29520   0.0624 289.7767 0002086  24.9422 230.5904  1.00271905 35586
GALAXY 17 (G-17)        
1 31307U 07016B   22044.44499769 -.00000170  00000+0  00000+0 0  9999
2 31307   0.0065  69.7922 0003309 259.3718 243.4652  1.00270348 53911
DIRECTV 10              
1 31862U 07032A   22044.59972260 -.00000100  00000+0  00000+0 0  9994
2 31862   0.0118 254.8761 0000191  56.3451 305.4618  1.00273238 29701
SPACEWAY 3              
1 32018U 07036A   22044.52188855 -.00000148  00000+0  00000+0 0  9996
2 32018   0.0056  72.8691 0000344 255.9370 267.6295  1.00273306 30666
INTELSAT 11 (IS-11)     
1 32253U 07044B   22044.49457427 -.00000265  00000+0  00000+0 0  9996
2 32253   0.0164  96.9051 0002054 230.6605 310.9733  1.00271511 52608
HORIZONS 2              
1 32388U 07063B   22044.52004199 -.00000179  00000+0  00000+0 0  9998
2 32388   0.0165  87.1682 0002971 233.3575  95.0396  1.00271464 51921
DIRECTV 11              
1 32729U 08013A   22044.55114237 -.00000123  00000+0  00000+0 0  9990
2 32729   0.0022  35.4680 0000264 318.1670 249.1376  1.00273338 29700
GALAXY 18 (G-18)        
1 32951U 08024A   22044.58248038  .00000029  00000+0  00000+0 0  9993
2 32951   0.0043 141.8266 0003014 188.8600 259.5691  1.00269780 29962
INTELSAT 25 (IS-25)     
1 33153U 08034A   22044.42506135 -.00000221  00000+0  00000+0 0  9992
2 33153   0.0165 129.1348 0003159 208.1278 287.6642  1.00271266 49804
GALAXY 19 (G-19)        
1 33376U 08045A   22044.52060198 -.00000136  00000+0  00000+0 0  9991
2 33376   0.0182 110.6762 0003352 210.5852 272.6621  1.00271439 49011
FM-5                    
1 35493U 09034A   22044.44868262 -.00000197  00000+0  00000+0 0  9998
2 35493   0.0221 102.3285 0000282 328.7977 147.7180  1.00270081 30759
INTELSAT 14 (IS-14)     
1 36097U 09064A   22044.42235760 -.00000270  00000+0  00000+0 0  9993
2 36097   0.0140 103.7380 0002696 223.6898 283.0402  1.00271882 44719
INTELSAT 15 (IS-15)     
1 36106U 09067A   22044.52012920 -.00000182  00000+0  00000+0 0  9991
2 36106   0.0257  93.0207 0002541 240.6289  82.2763  1.00269339 25330
DIRECTV 12              
1 36131U 09075A   22044.59972264 -.00000100  00000+0  00000+0 0  9991
2 36131   0.0392 259.5927 0000310  60.3086 296.8574  1.00273445 30679
INTELSAT 16 (IS-16)     
1 36397U 10006A   22044.53586545 -.00000241  00000+0  00000+0 0  9994
2 36397   0.0138  49.2442 0002145 285.0134 285.9773  1.00271472 43767
XM-5                    
1 37185U 10053A   22044.43642209 -.00000020  00000+0  00000+0 0  9996
2 37185   0.0187 157.1782 0000745 282.7188 105.4431  1.00274414 41595
INTELSAT 17 (IS-17)     
1 37238U 10065B   22044.44451102  .00000001  00000+0  00000+0 0  9997
2 37238   0.0272 129.8007 0002667 213.7913  25.8646  1.00272813 37342
INTELSAT NEW DAWN       
1 37392U 11016A   22044.50966302  .00000159  00000+0  00000+0 0  9999
2 37392   0.0213 130.2267 0000869  66.5254 163.0393  1.00275091 37396
INTELSAT 18 (IS-18)     
1 37834U 11056A   22044.58437683  .00000055  00000+0  00000+0 0  9992
2 37834   0.0201  43.4545 0002425 298.9046 191.5866  1.00270479 37923
INTELSAT 22 (IS-22)     
1 38098U 12011A   22044.44573207 -.00000056  00000+0  00000+0 0  9997
2 38098   0.0244  96.4449 0002687 232.7243  46.8300  1.00272216 35923
INTELSAT 19 (IS-19)     
1 38356U 12030A   22044.57178125 -.00000054  00000+0  00000+0 0  9997
2 38356   0.0153  94.2853 0003079 242.9034 178.2129  1.00271963 34556
INTELSAT 20 (IS-20)     
1 38740U 12043A   22044.51681492 -.00000022  00000+0  00000+0 0  9993
2 38740   0.0160 129.6444 0001305  64.5687 203.8422  1.00272339 34854
INTELSAT 21 (IS-21)     
1 38749U 12045A   22044.46689508 -.00000281  00000+0  00000+0 0  9991
2 38749   0.0154  99.8950 0002263 221.3351 292.3118  1.00272191 34649
INTELSAT 23 (IS-23)     
1 38867U 12057A   22044.47038194 -.00000281  00000+0  00000+0 0  9995
2 38867   0.0395 253.7210 0002042  66.2615 299.7917  1.00270710 34059
FM-6                    
1 39360U 13058A   22044.58827904 -.00000013  00000+0  00000+0 0  9996
2 39360   0.0290 261.2810 0000540 296.8448  41.0639  1.00269953 30173
INTELSAT 30 (IS-30)     
1 40271U 14062A   22044.44477505 -.00000147  00000+0  00000+0 0  9996
2 40271   0.0204 108.2536 0001999  15.5619  84.7062  1.00270753 26697
DIRECTV 14              
1 40333U 14078B   22044.55114319 -.00000122  00000+0  00000+0 0  9998
2 40333   0.0221 101.6581 0000587 133.8434   7.2255  1.00269887 26176
DIRECTV 15              
1 40663U 15026A   22044.59972325 -.00000099  00000+0  00000+0 0  9994
2 40663   0.0164 101.3977 0000657 139.7291  15.4932  1.00272727 24570
SKY MEXICO-1            
1 40664U 15026B   22044.53387838 -.00000231  00000+0  00000+0 0  9996
2 40664   0.0137  88.1124 0002284 242.5677 286.2677  1.00272290 24564
INTELSAT 34 (IS-34)     
1 40874U 15039A   22044.46863374 -.00000282  00000+0  00000+0 0  9995
2 40874   0.0215 327.4643 0000871 259.4640  29.7406  1.00273077 23738
INTELSAT 31 (IS-31)     
1 41581U 16035A   22043.83815751 -.00000147  00000+0  00000+0 0  9994
2 41581   0.0266 218.9814 0002383 350.6661 139.8635  1.00275121 20793
INTELSAT 36 (IS-36)     
1 41747U 16053A   22044.51681492 -.00000022  00000+0  00000+0 0  9999
2 41747   0.0109  59.9075 0001037 272.9708  65.1846  1.00272337 20058
INTELSAT 33E (IS-33E)   
1 41748U 16053B   22044.44311553  .00000052  00000+0  00000+0 0  9992
2 41748   0.0270  12.1605 0001835 307.9795  42.7949  1.00271523 20353
INTELSAT 32E (IS-32E)   
1 41945U 17007B   22044.49448705 -.00000266  00000+0  00000+0 0  9994
2 41945   0.0271 109.5036 0000311 100.6490  68.1988  1.00269103 18342
INTELSAT 35E (IS-35E)   
1 42818U 17041A   22044.42445083 -.00000235  00000+0  00000+0 0  9997
2 42818   0.0376 239.5010 0001732  64.4981 317.7086  1.00272455 16922
INTELSAT 37E (IS-37E)   
1 42950U 17059A   22044.42776513 -.00000138  00000+0  00000+0 0  9990
2 42950   0.0133 101.9409 0002722 218.1725 319.2817  1.00271391 16172
AZERSPACE 2 (IS-38)     
1 43632U 18074A   22044.51210514  .00000139  00000+0  00000+0 0  9990
2 43632   0.0277 112.6858 0001640 206.7734  53.5316  1.00269981 12571
HORIZONS 3E             
1 43633U 18074B   22044.47361499 -.00000028  00000+0  00000+0 0  9993
2 43633   0.0028  22.0051 0000886 293.8857 167.0560  1.00271658 12452
AT&T T-16               
1 44333U 19034A   22044.55020204 -.00000112  00000+0  00000+0 0  9997
2 44333   0.0551 272.7105 0000851 310.3057  17.7323  1.00274194  9748
INTELSAT 39 (IS-39)     
1 44476U 19049B   22044.15662920  .00000037  00000+0  00000+0 0  9999
2 44476   0.0264 107.5609 0000957  59.2392  94.6882  1.00270069  9256
GALAXY 30               
1 46114U 20056C   22044.58141056  .00000040  00000+0  00000+0 0  9993
2 46114   0.0152  99.2508 0002009 229.9055 258.7318  1.00273884  5408
