COSMOS 2361 [-]         
1 25590U 98076A   22044.49936888  .00000058  00000+0  45845-4 0  9990
2 25590  82.9345 297.7803 0031157 190.8235 343.4850 13.73009965159224
COSMOS 2378 [-]         
1 26818U 01023A   22044.52759169  .00000054  00000+0  41252-4 0  9993
2 26818  82.9312 316.0313 0033674 137.7037 222.6724 13.73963635 37292
COSMOS 2389 [-]         
1 27436U 02026A   22044.57816868  .00000058  00000+0  44604-4 0  9997
2 27436  82.9477 261.6360 0046502   2.9775  53.5643 13.74966511989355
COSMOS 2398 [-]         
1 27818U 03023A   22044.60312725  .00000044  00000+0  31596-4 0  9997
2 27818  82.9460 222.8099 0032382  37.5124 322.8292 13.72201897936409
COSMOS 2407 [+]         
1 28380U 04028A   22044.61235094  .00000071  00000+0  56908-4 0  9996
2 28380  82.9632 168.1069 0039359   5.9420   4.9841 13.76103893882121
COSMOS 2414 [+]         
1 28521U 05002A   22044.58904550  .00000060  00000+0  37101-4 0  9994
2 28521  82.9523 161.8802 0040459 165.0605 195.1759 13.87645446864373
COSMOS 2429 [-]         
1 32052U 07038A   22044.44506321  .00000051  00000+0  37197-4 0  9993
2 32052  82.9804 293.6745 0038135 342.4050  17.5782 13.74952469723865
COSMOS 2454 [-]         
1 35635U 09039A   22044.52978198  .00000058  00000+0  33957-4 0  9997
2 35635  82.9589 148.5094 0020629 110.8891 249.4478 13.89675646637484
COSMOS 2463 [+]         
1 36519U 10017A   22044.57884507  .00000032  00000+0  18678-4 0  9997
2 36519  82.9640 333.7971 0035524 204.7626 329.2978 13.71466564590719
