CALSPHERE 1             
1 00900U 64063C   22044.50076141  .00000447  00000+0  46710-3 0  9999
2 00900  90.1681  38.6518 0028716  38.0492  82.7337 13.73682311853648
CALSPHERE 2             
1 00902U 64063E   22044.49217890  .00000057  00000+0  72582-4 0  9991
2 00902  90.1799  41.6447 0019506 142.7497 336.0501 13.52706844642010
LCS 1                   
1 01361U 65034C   22044.51954606  .00000014  00000+0  76264-3 0  9999
2 01361  32.1461 339.5584 0013469 159.5597 200.5441  9.89300665 52954
TEMPSAT 1               
1 01512U 65065E   22044.49997009  .00000039  00000+0  60138-4 0  9993
2 01512  89.9031 219.7152 0070532  20.0760  32.8980 13.33445392748859
CALSPHERE 4A            
1 01520U 65065H   22044.54876581  .00000076  00000+0  13107-3 0  9993
2 01520  90.0032 130.2130 0067930 251.8287 215.3264 13.35869584751112
OPS 5712 (P/L 160)      
1 02826U 67053A   22044.59576462  .00002115  00000+0  56109-3 0  9997
2 02826  69.9268 219.5395 0006731 190.8349 169.2640 14.50008115834777
OPS 5712 (P/L 153)      
1 02874U 67053H   22044.36005888  .00000017  00000+0  50774-4 0  9996
2 02874  69.9726 270.9410 0004536  97.9689 262.1932 13.96388460785509
SURCAL 150B             
1 02909U 67053J   22044.54976370  .00003574  00000+0  70795-3 0  9993
2 02909  69.9468 215.0459 0006105 222.0264 138.0409 14.63087940845486
RIGIDSPHERE 2 (LCS 4)   
1 05398U 71067E   22044.56826290  .00000421  00000+0  14058-3 0  9993
2 05398  87.6177  57.1602 0065535  74.6510 286.1916 14.34109678646508
COSMOS 2493 (SKRL-756 1)
1 39490U 13078A   22044.55081824  .00001265  00000+0  13142-3 0  9996
2 39490  82.4209 352.8976 0018089 143.5403 216.7051 14.89055173441259
COSMOS 2494 (SKRL-756 2)
1 39491U 13078B   22044.51035826  .00001345  00000+0  13471-3 0  9998
2 39491  82.4210 346.9838 0023164 122.6653 237.6805 14.90470274441791
