SCD 1                   
1 22490U 93009B   22044.31190951  .00000319  00000+0  38135-4 0  9995
2 22490  24.9690 260.6028 0042816 305.2212 215.9384 14.44645475531587
TECHSAT 1B (GO-32)      
1 25397U 98043D   22044.38991393  .00000023  00000+0  29542-4 0  9997
2 25397  98.8027 354.6370 0002298  97.7894 262.3545 14.23732077225771
SCD 2                   
1 25504U 98060A   22044.55645267  .00000318  00000+0  39113-4 0  9993
2 25504  24.9955 112.9811 0017051 318.0490 180.6746 14.44161380230913
LANDSAT 7               
1 25682U 99020A   22044.45686435  .00000177  00000+0  48795-4 0  9997
2 25682  97.9988  97.3394 0001831 101.1049 259.0364 14.57223668214492
DLR-TUBSAT              
1 25757U 99029B   22044.39398248  .00000054  00000+0  25064-4 0  9992
2 25757  98.4761 345.8355 0015226 134.2648 225.9798 14.51468922203289
TERRA                   
1 25994U 99068A   22044.53864590  .00000234  00000+0  61878-4 0  9995
2 25994  98.1508 119.2296 0001189  93.6079  19.3055 14.57145163178450
MAROC-TUBSAT            
1 27004U 01056D   22044.40012587 -.00000034  00000+0  13305-4 0  9997
2 27004  99.6017 184.9234 0019091 251.3654 173.3975 13.70152409  9156
AQUA                    
1 27424U 02022A   22044.57510755  .00000446  00000+0  10904-3 0  9992
2 27424  98.2356 347.7449 0000635  79.8544  93.3954 14.57139374 52142
IRS-P6 (RESOURCESAT-1)  
1 28051U 03046A   22044.48251529  .00000096  00000+0  48366-4 0  9992
2 28051  98.4203 118.7756 0059246  27.6943 332.7376 14.34203254953259
SHIYAN 1 (SY-1)         
1 28220U 04012A   22044.51515398  .00003508  00000+0  27824-3 0  9991
2 28220  97.9628  33.2752 0017535  36.3600 323.8811 15.01096081971473
AURA                    
1 28376U 04026A   22044.54756730  .00000456  00000+0  11118-3 0  9996
2 28376  98.2232 349.6769 0001287  87.4914 272.6431 14.57112806935185
IRS-P5 (CARTOSAT-1)     
1 28649U 05017A   22044.42480062  .00000653  00000+0  84765-4 0  9997
2 28649  97.7373 108.7329 0000300 169.4549 190.6672 14.83929227908340
SINAH 1                 
1 28893U 05043D   22044.34991738  .00000207  00000+0  50900-4 0  9994
2 28893  98.0935 170.4340 0014828 197.3764 162.6932 14.61626200868824
EROS B                  
1 29079U 06014A   22044.59921220  .00011912  00000+0  46983-3 0  9996
2 29079  97.4236 167.4329 0006796 354.9272 128.5030 15.25692723877522
RESURS-DK 1             
1 29228U 06021A   22044.50296187  .00000856  00000+0  70921-4 0  9993
2 29228  69.9348  84.8249 0007770 259.8831 100.1454 15.02919287863754
ARIRANG-2 (KOMPSAT-2)   
1 29268U 06031A   22044.57823297  .00000441  00000+0  96425-4 0  9990
2 29268  97.9080 279.0199 0017679  45.3917 314.8721 14.62195175829790
LAPAN-TUBSAT            
1 29709U 07001A   22044.49445009  .00000339  00000+0  49051-4 0  9999
2 29709  97.9488   7.7944 0011701 304.0790  55.9303 14.82370316816148
CARTOSAT-2 (IRS-P7)     
1 29710U 07001B   22044.23453197  .00021229  00000+0  57634-3 0  9996
2 29710  97.8634 143.0415 0164498 131.3519 230.2003 15.25016657817285
HAIYANG-1B              
1 31113U 07010A   22044.52032294  .00000043  00000+0  32517-4 0  9994
2 31113  98.3330  74.9196 0013188 215.7112 144.3191 14.30292990774058
COSMO-SKYMED 1          
1 31598U 07023A   22044.51996065 -.00000185  00000+0 -16657-4 0  9995
2 31598  97.8834 229.9686 0001571  87.1079 273.0248 14.82158262794606
TERRASAR-X              
1 31698U 07026A   22044.61985818  .00001087  00000+0  54924-4 0  9993
2 31698  97.4470  53.9773 0001847  79.4683  36.4842 15.19156578813323
WORLDVIEW-1 (WV-1)      
1 32060U 07041A   22044.41702365  .00005616  00000+0  23213-3 0  9994
2 32060  97.3818 165.5850 0002307 199.9358 160.1789 15.24381761801497
YAOGAN 3                
1 32289U 07055A   22044.57863664  .00000594  00000+0  83117-4 0  9999
2 32289  97.9597  67.4156 0001426 108.9383 251.1973 14.81185701770701
COSMO-SKYMED 2          
1 32376U 07059A   22044.55371456  .00000689  00000+0  93084-4 0  9990
2 32376  97.8832 230.0012 0001551  86.9837 273.1570 14.82155615767352
RADARSAT-2              
1 32382U 07061A   22044.56906311  .00000057  00000+0  39148-4 0  9995
2 32382  98.5774  53.2966 0001219  92.4193  15.2466 14.29984216739595
CARTOSAT-2A             
1 32783U 08021A   22044.58274727  .00000257  00000+0  42228-4 0  9993
2 32783  97.9844 105.9576 0012237 201.8148 158.2584 14.78628399744711
HUANJING 1A (HJ-1A)     
1 33320U 08041A   22044.51092455  .00000279  00000+0  45725-4 0  9991
2 33320  97.6942  83.2834 0019572 275.8715  84.0274 14.77734579724087
HUANJING 1B (HJ-1B)     
1 33321U 08041B   22044.51126762  .00000688  00000+0  10260-3 0  9990
2 33321  97.7133  86.6005 0033342 294.5551  65.2203 14.77547541724089
GEOEYE 1                
1 33331U 08042A   22044.48884246  .00000329  00000+0  71145-4 0  9998
2 33331  98.1247 121.1984 0007694 310.8263  49.2279 14.64412761718220
THEOS                   
1 33396U 08049A   22044.56906088  .00001104  00000+0  53966-3 0  9996
2 33396  98.7649 113.6118 0001047 105.9520   1.6014 14.20028277693085
COSMO-SKYMED 3          
1 33412U 08054A   22044.53683255  .00000443  00000+0  62187-4 0  9997
2 33412  97.8833 229.9849 0001348  86.8406 273.3024 14.82160185719817
YAOGAN 4                
1 33446U 08061A   22044.42772533  .00000408  00000+0  64528-4 0  9990
2 33446  97.8049 348.4395 0016382 171.0437 189.1069 14.77226278711287
GOSAT (IBUKI)           
1 33492U 09002A   22044.32337953  .00000462  00000+0  89948-4 0  9992
2 33492  98.1023 158.3044 0001038  82.1997 277.9325 14.67531856699475
YAOGAN 6                
1 34839U 09021A   22044.50590618  .00004669  00000+0  16979-3 0  9994
2 34839  97.0698  30.7231 0027600  24.1132 336.1394 15.28354389712290
DEIMOS-1                
1 35681U 09041A   22044.54477551  .00000345  00000+0  62437-4 0  9994
2 35681  97.7291 261.8737 0000132 189.3075 170.8133 14.71967521673544
DUBAISAT-1              
1 35682U 09041B   22044.41067091  .00000696  00000+0  12647-3 0  9991
2 35682  97.7813 203.3300 0012549 105.4367 254.8281 14.69012853672070
OCEANSAT-2              
1 35931U 09051A   22044.56411445 -.00015263  00000+0 -41435-2 0  9995
2 35931  98.2891 141.9140 0000410 305.3079  54.8075 14.47604011656297
WORLDVIEW-2 (WV-2)      
1 35946U 09055A   22044.53018811  .00000114  00000+0  52504-4 0  9990
2 35946  98.4999 121.1751 0001699  58.4633 301.6735 14.37635915648107
SMOS                    
1 36036U 09059A   22044.53623828  .00000234  00000+0  88371-4 0  9999
2 36036  98.4416 233.8401 0001139  90.7159 269.4159 14.39773036645439
YAOGAN 7                
1 36110U 09069A   22044.53928457  .00000243  00000+0  43894-4 0  9990
2 36110  98.2147 262.5342 0026640  83.5292 276.8963 14.75030886655879
TANDEM-X                
1 36605U 10030A   22044.49472442  .00001452  00000+0  72315-4 0  9995
2 36605  97.4468  53.8511 0001897  82.7115  69.4288 15.19157898646043
CARTOSAT-2B             
1 36795U 10035A   22044.48569409  .00000388  00000+0  60026-4 0  9992
2 36795  97.9788 106.0879 0012426 286.9613  73.0249 14.78650090625740
YAOGAN 10               
1 36834U 10038A   22044.51059018  .00000348  00000+0  51517-4 0  9994
2 36834  97.9799  55.8979 0001369  90.6545 269.4829 14.81141982622433
COSMO-SKYMED 4          
1 37216U 10060A   22044.49886320 -.00001220  00000+0 -14682-3 0  9998
2 37216  97.8835 229.9474 0001540  85.6831 274.4553 14.82147645609893
RESOURCESAT-2           
1 37387U 11015A   22044.54138744  .00000055  00000+0  44903-4 0  9997
2 37387  98.6767 119.2296 0005363  74.1150 286.0629 14.21645242561554
HAIYANG-2A              
1 37781U 11043A   22044.56297573 -.00000010  00000+0  33346-4 0  9995
2 37781  99.3182  52.5649 0001179 129.3768 230.7488 13.78730236528316
RASAT                   
1 37791U 11044D   22044.54033358  .00000297  00000+0  64277-4 0  9997
2 37791  98.0971 139.4820 0022189 157.3807 202.8383 14.64910841560974
MEGHA-TROPIQUES         
1 37838U 11058A   22044.13537768  .00000772  00000+0  28583-3 0  9990
2 37838  19.9787 317.3739 0009999 357.3543   2.6807 14.09673647466210
SRMSAT                  
1 37841U 11058D   22044.35948487  .00000366  00000+0  56038-4 0  9998
2 37841  19.9719 285.0069 0011882  60.9991  95.8336 14.10725498533696
YAOGAN 13               
1 37941U 11072A   22044.63072464  .00004295  00000+0  20363-3 0  9995
2 37941  97.6180 353.3387 0003658  96.8298  75.8549 15.19838917565986
PLEIADES 1A             
1 38012U 11076F   22044.48579684  .00000145  00000+0  41057-4 0  9992
2 38012  98.1761 121.2756 0001619  77.9093 282.2287 14.58574709541005
ZIYUAN 1-02C (ZY 1-02C) 
1 38038U 11079A   22044.48704206  .00000165  00000+0  72998-4 0  9993
2 38038  98.6066 109.5770 0005883 273.7220  86.3293 14.35325415531705
ZIYUAN 3-1 (ZY 3-1)     
1 38046U 12001A   22044.45686369  .00005054  00000+0  22904-3 0  9997
2 38046  97.3558 118.3713 0001342 129.0691 354.8330 15.21290917560758
ARIRANG-3 (KOMPSAT-3)   
1 38338U 12025B   22044.55199364  .00000313  00000+0  72119-4 0  9999
2 38338  98.1688 346.0277 0011940  46.3640 313.8549 14.61750828519879
KANOPUS-V 1             
1 38707U 12039A   22044.60039530  .00005064  00000+0  23397-3 0  9999
2 38707  97.4694 327.6669 0002007  91.0694  30.6508 15.20632652530566
EXACTVIEW-1 (ADS-1B)    
1 38709U 12039C   22044.40789480  .00000041  00000+0  38173-4 0  9994
2 38709  99.0268 107.7248 0011774  58.3458 301.8867 14.24077691497087
SPOT 6                  
1 38755U 12047A   22044.50164803  .00000149  00000+0  41888-4 0  9997
2 38755  98.1723 113.6900 0001523  74.9706 285.1663 14.58574092502085
PLEIADES 1B             
1 39019U 12068A   22044.52004764  .00000150  00000+0  42029-4 0  9995
2 39019  98.1711 121.2437 0001424  75.8128 284.3242 14.58569385489867
GOKTURK 2               
1 39030U 12073A   22044.52565927  .00000265  00000+0  48869-4 0  9992
2 39030  97.8735 287.4777 0001942  48.2388 311.8993 14.72953621491117
LANDSAT 8               
1 39084U 13008A   22044.47599619  .00000221  00000+0  59160-4 0  9997
2 39084  98.1974 116.5970 0001332 100.9092 259.2256 14.57119615467124
SARAL                   
1 39086U 13009A   22044.51048756  .00000056  00000+0  36907-4 0  9996
2 39086  98.5454 231.9762 0000094 123.6377 236.4816 14.32053745468748
GAOFEN 1                
1 39150U 13018A   22044.55553897  .00000326  00000+0  53671-4 0  9996
2 39150  97.8042 114.7460 0018241 323.4771  36.5206 14.76593617474451
VNREDSAT 1              
1 39160U 13021B   22044.50649801  .00000337  00000+0  74780-4 0  9993
2 39160  98.0903 122.4263 0001400  84.0816 276.0549 14.62993455468494
ARIRANG-5 (KOMPSAT-5)   
1 39227U 13042A   22044.48000686  .00001449  00000+0  10780-3 0  9993
2 39227  97.6264 231.7122 0001541  79.8524 338.7789 15.04519615465640
SKYSAT-A                
1 39418U 13066C   22044.46791602  .00001209  00000+0  10307-3 0  9993
2 39418  97.5655 119.8950 0020184 316.4593  43.5037 14.99435720450075
DUBAISAT-2              
1 39419U 13066D   22044.53239104  .00001655  00000+0  15774-3 0  9994
2 39419  97.4623  82.6995 0013072 342.2957  17.7836 14.94593542448681
GPM-CORE                
1 39574U 14009C   22044.55007493  .00009314  00000+0  13626-3 0  9994
2 39574  65.0028 250.1156 0010856 285.1876  74.8070 15.56102490452323
SENTINEL-1A             
1 39634U 14016A   22044.54474568  .00000014  00000+0  12628-4 0  9999
2 39634  98.1821  53.8596 0001328  82.1717 277.9648 14.59198964418958
KAZEOSAT 1              
1 39731U 14024A   22044.48908829 -.00001413  00000+0 -41765-3 0  9990
2 39731  98.4771 120.9570 0001530  87.4020 272.7284 14.41967099410226
ALOS-2                  
1 39766U 14029A   22044.56914004 -.00000018  00000+0  44960-5 0  9995
2 39766  97.9203 143.4803 0001588  95.2931 264.8458 14.79471828417311
KAZEOSAT 2              
1 40010U 14033A   22044.55525274  .00000280  00000+0  41554-4 0  9995
2 40010  97.7406 293.9927 0016631 120.4366 239.8478 14.82102409414090
HODOYOSHI-4             
1 40011U 14033B   22044.58684716  .00000552  00000+0  76508-4 0  9995
2 40011  97.6969 282.8103 0027841 120.7533 239.6425 14.81468224413752
DEIMOS-2                
1 40013U 14033D   22044.53526293  .00000806  00000+0  10049-3 0  9996
2 40013  97.7729 304.7565 0002007 114.7073 245.4328 14.85049713414800
HODOYOSHI-3             
1 40015U 14033F   22044.58121022  .00000389  00000+0  59021-4 0  9994
2 40015  97.6571 264.6408 0037654 144.8048 215.5662 14.78774120413007
SPOT 7                  
1 40053U 14034A   22044.53641331  .00000146  00000+0  41224-4 0  9999
2 40053  98.1884 113.9305 0001196  76.0670 284.0670 14.58553721406027
SKYSAT-B                
1 40072U 14037D   22044.57758472  .00000494  00000+0  70439-4 0  9998
2 40072  98.4274 266.8221 0006437   4.4050 355.7216 14.81549413410902
WORLDVIEW-3 (WV-3)      
1 40115U 14048A   22044.46946258  .00000622  00000+0  78820-4 0  9992
2 40115  97.8670 121.0561 0002889 110.4984 249.6554 14.85185300406741
GAOFEN 2                
1 40118U 14049A   22044.50194171  .00000557  00000+0  78941-4 0  9991
2 40118  97.7778 116.8600 0007665  10.1906 349.9483 14.80696669404759
YAOGAN 21               
1 40143U 14053A   22044.48675913  .00006245  00000+0  26412-3 0  9994
2 40143  97.3665 114.2098 0014842 302.6568 182.1133 15.23465909413678
YAOGAN 22               
1 40275U 14063A   22044.59926135 -.00000028  00000+0  47166-4 0  9992
2 40275 100.5498 165.5425 0006668 162.3048 197.8311 13.15434828351463
ASNARO                  
1 40298U 14070A   22044.49468929  .00005845  00000+0  27681-3 0  9996
2 40298  97.4765 127.8681 0001259  83.3728 332.5963 15.19715338403375
HODOYOSHI-1             
1 40299U 14070B   22044.48825326  .00004305  00000+0  17178-3 0  9994
2 40299  97.2592 116.2932 0011467 210.3584 207.4767 15.25633715404151
QSAT-EOS                
1 40301U 14070D   22044.46014995  .00014021  00000+0  46088-3 0  9996
2 40301  97.2265 114.9361 0022155 190.8156 296.4218 15.31411782404509
YAOGAN 23               
1 40305U 14071A   22044.46255628  .00003866  00000+0  18329-3 0  9993
2 40305  97.5921 354.8434 0001730 101.3187  31.5489 15.19907582401710
YAOGAN 24               
1 40310U 14072A   22044.54317517  .00000440  00000+0  70847-4 0  9994
2 40310  97.9583 166.6288 0017831 320.1288  39.8620 14.76234447389956
CBERS 4                 
1 40336U 14079A   22044.54873877  .00000037  00000+0  28122-4 0  9996
2 40336  98.4968 120.3589 0001939  92.2206 267.9210 14.35443043376636
RESURS P2               
1 40360U 14087A   22044.57316253  .00004997  00000+0  14804-3 0  9995
2 40360  97.2141 132.0530 0009724 164.4464 308.4046 15.35265312399249
YAOGAN 26               
1 40362U 14088A   22044.60188032  .00005247  00000+0  22086-3 0  9994
2 40362  97.1679 100.0076 0007899 137.6433  24.8153 15.23752752397168
SMAP                    
1 40376U 15003A   22044.54057647  .00000302  00000+0  67500-4 0  9995
2 40376  98.1257  53.1631 0001134 114.0226 246.1095 14.63373687375862
KOMPSAT-3A              
1 40536U 15014A   22044.61051291  .00002531  00000+0  15067-3 0  9998
2 40536  97.5612 348.5330 0002592 110.6362  62.0370 15.12131368380328
SENTINEL-2A             
1 40697U 15028A   22044.48722776 -.00000378  00000+0 -12767-3 0  9992
2 40697  98.5657 121.0121 0001237  81.4639 278.6618 14.30814953347123
GAOFEN 8                
1 40701U 15030A   22044.43599804  .00008623  00000+0  36521-3 0  9993
2 40701  97.5405 178.2275 0004811 174.7467 271.0657 15.23402719369501
CARBONITE 1 (CBNT-1)    
1 40718U 15032D   22044.54481335  .00000687  00000+0  10869-3 0  9993
2 40718  97.7552 274.1578 0018124  57.4291 302.8684 14.75146914355157
YAOGAN 27               
1 40878U 15040A   22044.54050920 -.00000020  00000+0  58662-4 0  9997
2 40878 100.1479  81.5132 0007700 270.0786  89.9447 13.15975470310732
GAOFEN 9-01             
1 40894U 15047A   22044.50027779  .00000373  00000+0  60616-4 0  9996
2 40894  97.8315 118.7136 0031575 251.0105 108.7691 14.76342987345894
LAPAN-A2                
1 40931U 15052B   22044.52285958  .00000790  00000+0  20810-4 0  9996
2 40931   5.9976 333.0294 0012989 219.9206 140.0009 14.76731189344997
YAOGAN 28               
1 41026U 15064A   22044.44232209  .00006121  00000+0  26057-3 0  9999
2 41026  97.5321 186.5162 0001723 107.7298 336.9288 15.23360007349358
YAOGAN 29               
1 41038U 15069A   22044.54810101  .00000252  00000+0  39852-4 0  9998
2 41038  98.0528  44.2109 0002345  84.1521 275.9963 14.80577285335958
KENT RIDGE 1            
1 41167U 15077B   22044.34114946  .00002086  00000+0  85934-4 0  9991
2 41167  14.9822  33.2178 0011118  98.1093 299.3301 15.09639555340465
TELEOS 1                
1 41169U 15077D   22044.53448876  .00004479  00000+0  21586-3 0  9996
2 41169  14.9737   4.9750 0009894 148.3495 211.7487 15.11825973340732
GAOFEN 4                
1 41194U 15083A   22044.52414125 -.00000331  00000+0  00000+0 0  9998
2 41194   0.1211 105.3461 0002045  80.8933 251.6124  1.00268151 22625
JASON-3                 
1 41240U 16002A   22044.53407441 -.00000064  00000+0 -14877-4 0  9992
2 41240  66.0401 186.2828 0007737 272.9622  87.0508 12.80931502284046
SENTINEL-3A             
1 41335U 16011A   22044.56190457  .00000062  00000+0  43597-4 0  9993
2 41335  98.6242 113.6420 0001092  97.2133 262.9172 14.26739534312103
SENTINEL-1B             
1 41456U 16025A   22044.50997567 -.00000016  00000+0  63748-5 0  9994
2 41456  98.1820  53.6513 0001403  81.6651 278.4713 14.59198930309113
ZIYUAN 3-2 (ZY 3-2)     
1 41556U 16033A   22044.61516738  .00003937  00000+0  17856-3 0  9994
2 41556  97.2989 115.0234 0003797  53.7810  83.6242 15.21387717317078
NUSAT-1 (FRESCO)        
1 41557U 16033B   22044.56410262  .00010468  00000+0  34512-3 0  9999
2 41557  97.3878 142.4016 0013381  97.1278  27.6751 15.31549502318403
NUSAT-2 (BATATA)        
1 41558U 16033C   22044.62218111  .00010211  00000+0  31532-3 0  9991
2 41558  97.4043 147.4817 0012775  89.6141  22.8227 15.33662161318655
CARTOSAT-2C             
1 41599U 16040A   22044.45841591  .00002549  00000+0  12416-3 0  9994
2 41599  97.5061 105.0204 0012105 255.1356 229.9468 15.19222517313109
SKYSAT-C1               
1 41601U 16040C   22044.43430496  .00010872  00000+0  26240-3 0  9992
2 41601  97.1688 122.4851 0002383 106.0333 254.1177 15.41363451314916
LAPAN-A3                
1 41603U 16040E   22044.59148983  .00001176  00000+0  57076-4 0  9997
2 41603  97.2258  86.9222 0011706 232.1192 286.7378 15.20300005313210
BIROS                   
1 41604U 16040F   22044.54527948  .00003662  00000+0  15686-3 0  9997
2 41604  97.2306  93.5671 0011169 203.2458 156.8275 15.23335514313594
GAOFEN 3                
1 41727U 16049A   22044.55903499 -.00000696  00000+0 -19810-3 0  9991
2 41727  98.4104  54.6195 0001161  49.1049 311.0162 14.42214636290238
SKYSAT-C4               
1 41771U 16058B   22044.41766123  .00009856  00000+0  24051-3 0  9994
2 41771  97.1377 112.8779 0001829  86.5628 273.5828 15.41057074301863
SKYSAT-C5               
1 41772U 16058C   22044.50831960  .00004012  00000+0  16169-3 0  9997
2 41772  97.2838 111.4094 0001416  87.7174 272.4226 15.25393085300870
SKYSAT-C2               
1 41773U 16058D   22044.44395077  .00009809  00000+0  23857-3 0  9996
2 41773  97.1387 113.3069 0001186  67.7775 292.3598 15.41158847301890
SKYSAT-C3               
1 41774U 16058E   22044.46775597  .00011675  00000+0  28342-3 0  9996
2 41774  97.1380 113.2371 0001706  84.8496 275.2946 15.41171140301884
ALSAT 1B                
1 41785U 16059C   22044.54461956  .00000198  00000+0  40986-4 0  9996
2 41785  97.9294  92.4436 0008254 263.4547  96.5731 14.69974546287615
PATHFINDER 1            
1 41787U 16059E   22044.36679144  .00000295  00000+0  64880-4 0  9995
2 41787  97.9320  92.9438 0029663 197.0598 162.9605 14.63904962287582
SCATSAT 1               
1 41790U 16059H   22044.54213224  .00000138  00000+0  46221-4 0  9997
2 41790  98.3389  89.7273 0004371 212.9339 147.1583 14.50836039285107
GOKTURK 1A              
1 41875U 16073A   22044.53238800  .00000035  00000+0  16029-4 0  9992
2 41875  98.1468 301.1602 0001404  76.7291 283.3985 14.62787799277168
RESOURCESAT-2A          
1 41877U 16074A   22044.51175702  .00000026  00000+0  31745-4 0  9996
2 41877  98.7302 121.2027 0001342  23.7848 336.3417 14.21616654269151
CARTOSAT-2D             
1 41948U 17008A   22044.47099663  .00002802  00000+0  13596-3 0  9996
2 41948  97.4104 105.7911 0007960  45.9381 314.2563 15.19275084276976
SENTINEL-2B             
1 42063U 17013A   22044.52212603  .00000061  00000+0  40045-4 0  9993
2 42063  98.5640 121.0245 0001028 101.5113 258.6194 14.30819316258047
ZHUHAI-1 02 (CAS-4B)    
1 42759U 17034B   22044.59232747  .00003291  00000+0  20711-3 0  9991
2 42759  43.0186 294.8641 0008839 238.2524 194.7567 15.10895564257613
NUSAT-3 (MILANESAT)     
1 42760U 17034C   22044.41720904  .00003414  00000+0  21061-3 0  9997
2 42760  43.0167 291.4523 0008713 261.0453 268.0186 15.11549993257640
ZHUHAI-1 01 (CAS-4A)    
1 42761U 17034D   22044.56861559  .00002999  00000+0  18947-3 0  9992
2 42761  43.0184 293.8734 0009259 240.3121 188.5816 15.10978656257612
CARTOSAT-2E             
1 42767U 17036C   22044.64283403  .00002769  00000+0  13437-3 0  9999
2 42767  97.4733 106.6364 0009721  89.6443  30.9304 15.19289649257568
FORMOSAT-5              
1 42920U 17049A   22044.43824310  .00000097  00000+0  35829-4 0  9991
2 42920  98.2498 124.5097 0009449 272.8413  87.1715 14.50889781236887
SENTINEL-5P             
1 42969U 17064A   22044.41998349  .00000018  00000+0  29369-4 0  9998
2 42969  98.7204 345.9877 0000934  84.0772 276.0511 14.19548516224722
SKYSAT-C11              
1 42987U 17068A   22044.58397465  .00009926  00000+0  25484-3 0  9992
2 42987  97.2762 164.3274 0002828 175.2220 184.9053 15.39509067239347
SKYSAT-C10              
1 42988U 17068B   22044.56665638  .00011098  00000+0  26082-3 0  9999
2 42988  97.2806 164.4332 0003443  83.8435 276.3204 15.42164752239367
SKYSAT-C9               
1 42989U 17068C   22044.30005810  .00012089  00000+0  28239-3 0  9999
2 42989  97.2758 163.4094 0001230  75.6730 284.4654 15.42329731239513
SKYSAT-C8               
1 42990U 17068D   22044.28681312  .00012541  00000+0  29421-3 0  9992
2 42990  97.2815 164.5593 0002077  63.4480 296.6980 15.42191915239341
SKYSAT-C7               
1 42991U 17068E   22044.58840314  .00011262  00000+0  26313-3 0  9991
2 42991  97.2821 164.9271 0002117 115.6028 244.5438 15.42341751239399
SKYSAT-C6               
1 42992U 17068F   22044.58427584  .00011257  00000+0  26403-3 0  9996
2 42992  97.2842 165.2591 0000774 184.7956 175.3284 15.42226093239409
CARTOSAT-2F             
1 43111U 18004A   22044.47871457  .00002781  00000+0  13522-3 0  9991
2 43111  97.4675 106.4755 0005360  99.9644  25.4234 15.19240693226722
NUSAT-4 (ADA)           
1 43195U 18015D   22044.43358405  .00009532  00000+0  35351-3 0  9999
2 43195  97.5137 184.0776 0016810 123.0104 321.6371 15.27692299224289
NUSAT-5 (MARYAM)        
1 43204U 18015K   22044.45766586  .00009891  00000+0  36328-3 0  9998
2 43204  97.5145 184.5979 0016480 124.3714 321.4259 15.28005300223917
GAOFEN 1-02             
1 43259U 18031A   22044.50363827 -.00001500  00000+0 -20805-3 0  9997
2 43259  97.9118 123.7072 0005466  58.7435 301.4175 14.76520653208858
GAOFEN 1-03             
1 43260U 18031B   22044.54987521 -.00002376  00000+0 -33387-3 0  9997
2 43260  97.9104 123.7246 0006871 112.2467 247.9532 14.76509657208852
GAOFEN 1-04             
1 43262U 18031D   22044.52511853 -.00000544  00000+0 -70921-4 0  9999
2 43262  97.9121 123.7267 0006313  73.0900 287.0716 14.76525590208845
SENTINEL-3B             
1 43437U 18039A   22044.46436601  .00000063  00000+0  44165-4 0  9996
2 43437  98.6304 113.5006 0000800 117.8266 242.2996 14.26734050198158
GAOFEN 5                
1 43461U 18043A   22044.54373793  .00000222  00000+0  58412-4 0  9996
2 43461  98.2587 345.8736 0001452   0.6075 359.5126 14.57890903200600
GAOFEN 6                
1 43484U 18048A   22044.55682956  .00000437  00000+0  70016-4 0  9993
2 43484  97.9385 127.0456 0008351 242.7621 117.2746 14.76491394199557
GAOFEN 11-1             
1 43585U 18063A   22044.55994051  .00004295  00000+0  18176-3 0  9998
2 43585  97.3319 123.6122 0011383 243.0256 228.5103 15.23661811197523
AEOLUS                  
1 43600U 18066A   22044.51613245  .00087777  00000+0  34208-3 0  9998
2 43600  96.7123  52.5042 0009182 103.9146 256.3149 15.86787425201472
ICESAT-2                
1 43613U 18070A   22044.50072809  .00002233  00000+0  80942-4 0  9992
2 43613  92.0011 224.7504 0004179  97.5794 262.5930 15.28280575190446
HYSIS                   
1 43719U 18096A   22044.46406577  .00000659  00000+0  97073-4 0  9998
2 43719  97.9740 111.8128 0001171 201.1299 158.9991 14.78646165173223
KAZSTSAT                
1 43783U 18099AB  22044.45344022  .00000729  00000+0  73993-4 0  9990
2 43783  97.6470 113.2603 0007300 333.1303  26.9538 14.93799130174294
SAUDISAT 5A             
1 43831U 18102A   22044.49809028  .00002175  00000+0  14262-3 0  9995
2 43831  97.5118 120.4498 0012758 240.6776 314.2190 15.08671390175480
SAUDISAT 5B             
1 43833U 18102C   22044.47804315  .00001906  00000+0  12396-3 0  9996
2 43833  97.5129 121.2542 0013509 247.8631 233.5051 15.09109528175521
GAOFEN 10R              
1 44622U 19066A   22044.56935900  .00000752  00000+0  10442-3 0  9996
2 44622  97.8820 345.8826 0001996  81.0397 279.1036 14.80723662127673
CARTOSAT-3              
1 44804U 19081A   22044.63001839  .00002351  00000+0  11470-3 0  9997
2 44804  97.4152 108.6255 0011772 293.9591 221.3823 15.19234978122839
GAOFEN 12-1             
1 44819U 19082A   22044.49570561  .00000121  00000+0  22574-4 0  9992
2 44819  97.8721  67.3493 0001711 104.8831 255.3057 14.80281718119603
CSG-1                   
1 44873U 19092A   22044.57904770 -.00000938  00000+0 -11130-3 0  9998
2 44873  97.8833 230.0283 0001543  84.7254 275.4144 14.82147256116754
NUSAT-7 (SOPHIE)        
1 45017U 20003B   22044.46422590  .00009101  00000+0  29357-3 0  9995
2 45017  97.2346 109.0970 0014345  83.1216  42.3156 15.32271206116226
NUSAT-8 (MARIE)         
1 45018U 20003C   22044.47399927  .00010772  00000+0  32503-3 0  9997
2 45018  97.2473 110.1103 0013106  85.6051  39.2672 15.34368964116236
NUSAT-6 (HYPATIA)       
1 46272U 20061A   22044.53855278  .00005671  00000+0  24194-3 0  9996
2 46272  97.3425 118.2000 0007697 138.1043 222.0788 15.23281454 80354
NEMO-HD                 
1 46277U 20061F   22044.47309466  .00002050  00000+0  10754-3 0  9992
2 46277  97.4067 118.0540 0000475 144.9010 336.0207 15.16844319 80062
NUSAT-12 (DOROTHY)      
1 46827U 20079A   22044.48999808  .00010987  00000+0  33490-3 0  9998
2 46827  97.2143 117.2559 0009723  35.2640  89.8738 15.34079618 71089
NUSAT-9 (ALICE)         
1 46828U 20079B   22044.45878350  .00011149  00000+0  33462-3 0  9994
2 46828  97.2004 117.0150 0004761  72.5594  57.7583 15.34600439 71117
NUSAT-11 (CORA)         
1 46829U 20079C   22044.46737072  .00011099  00000+0  33355-3 0  9996
2 46829  97.2073 117.2088 0008383  51.5862  75.2739 15.34539165 71109
NUSAT-15 (KATHERINE)    
1 46830U 20079D   22044.51510111  .00010941  00000+0  32958-3 0  9990
2 46830  97.2215 118.1747 0004789  34.8124  90.1068 15.34490787 71121
NUSAT-14 (HEDY)         
1 46831U 20079E   22044.61467036  .00011696  00000+0  34523-3 0  9997
2 46831  97.2182 118.0085 0009131  35.0985 102.4981 15.35086802 71135
NUSAT-10 (CAROLINE)     
1 46832U 20079F   22044.46976424  .00010410  00000+0  31299-3 0  9997
2 46832  97.2181 117.7643 0009639  47.5896  79.1858 15.34529472 71107
NUSAT-13 (EMMY)         
1 46833U 20079G   22044.51658336  .00010261  00000+0  30953-3 0  9993
2 46833  97.2176 117.8438 0009253  49.1222  75.5314 15.34433677 71117
NUSAT-17 (MARY)         
1 46835U 20079J   22044.46087845  .00010370  00000+0  31563-3 0  9999
2 46835  97.2174 117.6136 0009865  59.3783  64.0227 15.34139003 71093
NUSAT-18 (VERA)         
1 46836U 20079K   22044.47862699  .00010718  00000+0  32233-3 0  9990
2 46836  97.2185 117.9252 0010655  63.3553  64.8283 15.34504605 71114
NUSAT-16 (LISE)         
1 46840U 20079P   22044.56733807  .00010452  00000+0  31496-3 0  9998
2 46840  97.2227 118.0310 0008057  66.7071  40.7551 15.34471992 71122
SENTINEL-6              
1 46984U 20086A   22044.45634010 -.00000061  00000+0  00000+0 0  9998
2 46984  66.0418 186.5703 0007675 265.0827  94.9314 12.80931085 57484
GAOFEN 12-2             
1 48079U 21026A   22044.52913397  .00000258  00000+0  40548-4 0  9999
2 48079  97.8854  37.2979 0001595  48.2976 311.8381 14.80336316 47296
NUSAT-19 (ROSALIND)     
1 48905U 21059AC  22044.52372780  .00005142  00000+0  25784-3 0  9999
2 48905  97.4883 175.3066 0011249 139.0841 290.6289 15.17727468 35268
NUSAT-22 (SOFYA)        
1 48919U 21059AS  22044.48572962  .00012320  00000+0  38150-3 0  9990
2 48919  97.3454 176.1529 0015615 121.3996 303.5024 15.33479529 35503
NUSAT-21 (ELISA)        
1 48920U 21059AT  22044.59584580  .00012967  00000+0  39210-3 0  9998
2 48920  97.3345 176.0383 0015421 130.2205 285.8324 15.34225520 35526
NUSAT-20 (GRACE)        
1 48921U 21059AU  22044.63574167  .00013269  00000+0  39961-3 0  9993
2 48921  97.3441 176.3206 0014474 147.6234 269.9816 15.34363645 35522
LANDSAT 9               
1 49260U 21088A   22044.44174858  .00000237  00000+0  62569-4 0  9996
2 49260  98.2016 116.5831 0001145  64.1733 295.9584 14.57120584 20224
CSG-2                   
1 51444U 22008A   22044.63062599  .00099781  00000+0  12054-1 0  9998
2 51444  97.8839 230.1054 0001643 187.9734 172.1121 14.83195891  1872
