SARSAT 7 (NOAA 15)      
1 25338U 98030A   22044.58645686  .00000096  00000+0  58669-4 0  9993
2 25338  98.6594  75.6527 0009416 301.4087  58.6171 14.26089797235369
METEOSAT-8 (MSG-1)      
1 27509U 02040B   22044.15252994  .00000137  00000+0  00000+0 0  9997
2 27509   7.8083  51.3077 0000788 354.2527 194.0943  1.00280072 71362
GPS BIIR-08             
1 27663U 03005A   22044.36140527  .00000038  00000+0  00000+0 0  9991
2 27663  55.5971 277.9876 0125835  39.7334 132.4315  2.00572009139521
GPS BIIR-11             
1 28190U 04009A   22044.13793413 -.00000086  00000+0  00000+0 0  9999
2 28190  56.0739 338.9454 0087564 115.5148  54.4766  2.00562931131154
GPS BIIR-13             
1 28474U 04045A   22044.13472988 -.00000064  00000+0  00000+0 0  9991
2 28474  55.3068  28.4336 0208668 277.1274 158.4743  2.00561925126641
SARSAT 10 (NOAA 18)     
1 28654U 05018A   22044.54562583  .00000149  00000+0  10478-3 0  9995
2 28654  98.9643 115.0130 0013525 324.5383  35.4888 14.12687689862487
GPS BIIR-14M            
1 28874U 05038A   22044.01434149 -.00000084  00000+0  00000+0 0  9994
2 28874  56.1453 336.3785 0138707 273.9542 187.7761  2.00554436120041
METEOSAT-9 (MSG-2)      
1 28912U 05049B   22044.28963696  .00000079  00000+0  00000+0 0  9995
2 28912   5.7418  67.0848 0001444 225.0046 324.5479  1.00411310 59182
GOES 13                 
1 29155U 06018A   22044.51541942  .00000039  00000+0  00000+0 0  9990
2 29155   0.4743  98.7576 0004345 161.1175 130.7594  1.00269373 27483
GPS BIIR-16M            
1 29601U 06052A   22043.93445245  .00000038  00000+0  00000+0 0  9997
2 29601  55.6004 276.9377 0084561  70.9409 290.0450  2.00571934111615
GPS BIIR-17M            
1 32260U 07047A   22044.24155421 -.00000030  00000+0  00000+0 0  9999
2 32260  53.2816 145.6915 0137408  61.2025 300.1662  2.00555478105022
GPS BIIR-18M            
1 32384U 07062A   22044.29125990 -.00000083  00000+0  00000+0 0  9994
2 32384  56.2603 337.1129 0016514 134.4237  32.3305  2.00554979103787
SARSAT 12 (NOAA 19)     
1 33591U 09005A   22044.53303772  .00000084  00000+0  70330-4 0  9995
2 33591  99.1642  75.9732 0014083 172.4736 187.6648 14.12529708670690
GOES 14                 
1 35491U 09033A   22044.59851001 -.00000089  00000+0  00000+0 0  9994
2 35491   0.0281  44.5612 0013458 184.3878  25.6161  1.00271734 46227
GOES 15                 
1 36411U 10008A   22044.57797189  .00000056  00000+0  00000+0 0  9998
2 36411   0.0344 240.6196 0001555 128.1871 214.7749  1.00279525 43787
GPS BIIF-2              
1 37753U 11036A   22043.94440751 -.00000055  00000+0  00000+0 0  9990
2 37753  56.5494  33.5523 0112103  49.6766  13.3427  2.00564742 77483
GSAT0101 (GALILEO-PFM)  
1 37846U 11060A   22043.30850835 -.00000065  00000+0  00000+0 0  9999
2 37846  56.9505  24.7385 0003793 335.7298  24.2541  1.70475208 64213
GSAT0102 (GALILEO-FM2)  
1 37847U 11060B   22043.51442226 -.00000064  00000+0  00000+0 0  9993
2 37847  56.9514  24.7323 0005398 318.1247 214.7438  1.70475503 64093
LUCH 5A                 
1 37951U 11074B   22044.63658834 -.00000046  00000+0  00000+0 0  9992
2 37951   4.7081 100.1455 0002856 240.1155 199.5062  1.00274941 37305
METEOSAT-10 (MSG-3)     
1 38552U 12035B   22044.28972417  .00000064  00000+0  00000+0 0  9994
2 38552   1.3615  32.7448 0001616 235.6732 348.6098  1.00265703 35326
SARSAT 13 (METOP-B)     
1 38771U 12049A   22044.54558579  .00000061  00000+0  47669-4 0  9994
2 38771  98.6829 106.1674 0001826  69.7460  60.4920 14.21495740488136
GPS BIIF-3              
1 38833U 12053A   22044.33945641  .00000050  00000+0  00000+0 0  9996
2 38833  53.5437 208.4337 0121853  45.5010 315.4644  2.00560433 67650
GSAT0103 (GALILEO-FM3)  
1 38857U 12055A   22043.93539179 -.00000017  00000+0  00000+0 0  9998
2 38857  55.1028 145.1231 0003430 249.6992 110.2557  1.70473674 57981
GSAT0104 (GALILEO-FM4)  
1 38858U 12055B   22043.90571113 -.00000017  00000+0  00000+0 0  9990
2 38858  55.1031 145.1254 0001343 215.7979 144.1847  1.70473932 57986
GPS BIIF-4              
1 39166U 13023A   22044.19971223 -.00000079  00000+0  00000+0 0  9995
2 39166  55.7774 332.7927 0100846  35.5913 325.0916  2.00566760 64097
INSAT-3D                
1 39216U 13038B   22044.51951868 -.00000153  00000+0  00000+0 0  9999
2 39216   0.1075 274.1389 0001056  59.4381  79.0253  1.00272238 31209
GPS BIIF-5              
1 39533U 14008A   22043.19776310  .00000065  00000+0  00000+0 0  9990
2 39533  53.6406 213.9734 0055976 204.8311 154.8884  2.00573980 57878
LUCH 5V                 
1 39727U 14023A   22044.52196079 -.00000265  00000+0  00000+0 0  9991
2 39727   1.2118  72.6744 0002747 291.4009  61.9771  1.00267338 28469
GPS BIIF-6              
1 39741U 14026A   22043.97673841 -.00000055  00000+0  00000+0 0  9992
2 39741  56.5137  33.0773 0028761 302.2793  57.4589  2.00564924 56748
GPS BIIF-7              
1 40105U 14045A   22044.06907638 -.00000027  00000+0  00000+0 0  9993
2 40105  54.6658 151.7710 0020416 109.1074 251.1016  2.00569327 54282
GSAT0201 (GALILEO 5)    
1 40128U 14050A   22044.23935131 -.00000097  00000+0  00000+0 0  9999
2 40128  50.3579 337.2330 1631009 119.6364 257.5996  1.85519451 48911
GSAT0202 (GALILEO 6)    
1 40129U 14050B   22040.18883163 -.00000122  00000+0  00000+0 0  9996
2 40129  50.3870 336.4511 1628369 120.3042 256.8092  1.85519933 51003
GPS BIIF-8              
1 40294U 14068A   22044.44169301 -.00000013  00000+0  00000+0 0  9991
2 40294  55.7212  92.8358 0036899  52.8501 307.5619  2.00562930 53426
GLONASS-K 2             
1 40315U 14075A   22044.55985322  .00000096  00000+0  00000+0 0  9994
2 40315  63.7163 245.5112 0016108 205.7021 114.2384  2.13101348 56089
GPS BIIF-9              
1 40534U 15013A   22044.57360960  .00000049  00000+0  00000+0 0  9995
2 40534  53.7830 269.8262 0067878  19.2458 341.0802  2.00560200 50046
GSAT0203 (GALILEO 7)    
1 40544U 15017A   22042.50313786 -.00000068  00000+0  00000+0 0  9997
2 40544  56.7452  24.8107 0004902 273.9568  85.9899  1.70476042 42156
GSAT0204 (GALILEO 8)    
1 40545U 15017B   22043.92889764 -.00000063  00000+0  00000+0 0  9994
2 40545  56.7518  24.7837 0004185 264.8215  95.1318  1.70475704  5220
GPS BIIF-10             
1 40730U 15033A   22044.23777641 -.00000078  00000+0  00000+0 0  9999
2 40730  55.2790 331.6792 0072532   4.1500 355.9272  2.00558606 48203
METEOSAT-11 (MSG-4)     
1 40732U 15034A   22044.28780537  .00000000  00000+0  00000+0 0  9999
2 40732   0.2071 340.8406 0001445  91.8280 174.1554  1.00277839 24128
GSAT0205 (GALILEO 9)    
1 40889U 15045A   22043.69622302  .00000055  00000+0  00000+0 0  9993
2 40889  55.7054 265.4080 0006319  23.8932 336.2082  1.70475085 39988
GSAT0206 (GALILEO 10)   
1 40890U 15045B   22042.15704593  .00000047  00000+0  00000+0 0  9999
2 40890  55.7058 265.4466 0004543  19.6106 340.4742  1.70473389 39980
GPS BIIF-11             
1 41019U 15062A   22044.28716405 -.00000015  00000+0  00000+0 0  9999
2 41019  55.7112  92.6822 0076371 217.1832 142.3584  2.00563181 46042
ELEKTRO-L 2             
1 41105U 15074A   22044.42846287 -.00000115  00000+0  00000+0 0  9997
2 41105   2.6764  89.5971 0001045 146.6014  46.9465  1.00270251 22623
GSAT0209 (GALILEO 12)   
1 41174U 15079A   22041.74563228 -.00000021  00000+0  00000+0 0  9997
2 41174  55.1185 144.8859 0003121 308.4664  51.4960  1.70473754 37712
GSAT0208 (GALILEO 11)   
1 41175U 15079B   22042.55185715 -.00000021  00000+0  00000+0 0  9999
2 41175  55.1169 144.8623 0002358 307.3362  52.6325  1.70473747 38146
GPS BIIF-12             
1 41328U 16007A   22044.38425631 -.00000025  00000+0  00000+0 0  9992
2 41328  54.8869 152.3997 0057311 226.7170 132.7921  2.00551692 44056
GSAT0211 (GALILEO 14)   
1 41549U 16030A   22042.67145276  .00000050  00000+0  00000+0 0  9994
2 41549  55.8506 265.3521 0004587 354.6607   5.4036  1.70474832 35623
GSAT0210 (GALILEO 13)   
1 41550U 16030B   22042.96415324  .00000052  00000+0  00000+0 0  9994
2 41550  55.8499 265.3455 0002842 337.3145  22.7431  1.70474957 35628
INSAT-3DR               
1 41752U 16054A   22044.51786153 -.00000074  00000+0  00000+0 0  9993
2 41752   0.0651  98.9963 0012910 179.2905 125.6311  1.00272431 19923
GSAT0207 (GALILEO 15)   
1 41859U 16069A   22043.21124103 -.00000020  00000+0  00000+0 0  9995
2 41859  54.7783 145.0578 0003298 288.4706  71.4837  1.70473687 32367
GSAT0212 (GALILEO 16)   
1 41860U 16069B   22044.23782865 -.00000017  00000+0  00000+0 0  9991
2 41860  54.7761 145.0270 0002010 321.2956  38.6826  1.70473760 32633
GSAT0213 (GALILEO 17)   
1 41861U 16069C   22043.43013400 -.00000019  00000+0  00000+0 0  9997
2 41861  54.7782 145.0544 0003297 259.3311 100.6223  1.70473748 32485
GSAT0214 (GALILEO 18)   
1 41862U 16069D   22042.99064704 -.00000020  00000+0  00000+0 0  9993
2 41862  54.7767 145.0613 0002348 260.2195  99.7439  1.70473840 32607
GOES 16                 
1 41866U 16071A   22044.53677576 -.00000245  00000+0  00000+0 0  9998
2 41866   0.0892 273.2719 0001211  75.4945 272.7954  1.00271116 19225
GSAT-17                 
1 42815U 17040B   22044.52178635 -.00000255  00000+0  00000+0 0  9992
2 42815   0.0880 275.9627 0005988 356.1389 152.7789  1.00271223 16892
GSAT0215 (GALILEO 19)   
1 43055U 17079A   22044.06811117  .00000057  00000+0  00000+0 0  9998
2 43055  55.8251 265.1479 0002236 344.5226  15.5433  1.70474102 25967
GSAT0216 (GALILEO 20)   
1 43056U 17079B   22039.66772546  .00000031  00000+0  00000+0 0  9993
2 43056  55.8282 265.2691 0003506 316.2524  43.7785  1.70474194 25905
GSAT0217 (GALILEO 21)   
1 43057U 17079C   22043.99404829  .00000057  00000+0  00000+0 0  9999
2 43057  55.8238 265.1495 0003747 333.6816  26.3720  1.70474138 25962
GSAT0218 (GALILEO 22)   
1 43058U 17079D   22043.62746688  .00000056  00000+0  00000+0 0  9991
2 43058  55.8243 265.1571 0003576 308.2590  51.7807  1.70474179 25986
GOES 17                 
1 43226U 18022A   22044.56987663  .00000101  00000+0  00000+0 0  9992
2 43226   0.0664 275.1255 0000574  57.1554 239.2270  1.00273034 14533
GSAT0221 (GALILEO 25)   
1 43564U 18060A   22044.11197194 -.00000062  00000+0  00000+0 0  9999
2 43564  57.1290  24.5505 0005660 286.7724  73.1658  1.70475833 22149
GSAT0222 (GALILEO 26)   
1 43565U 18060B   22043.15864528 -.00000065  00000+0  00000+0 0  9998
2 43565  57.1307  24.5767 0005423 293.2707  66.6739  1.70475857 22176
GSAT0219 (GALILEO 23)   
1 43566U 18060C   22043.37922165 -.00000064  00000+0  00000+0 0  9994
2 43566  57.1313  24.5726 0005085 294.5758  65.3727  1.70475864 22152
GSAT0220 (GALILEO 24)   
1 43567U 18060D   22043.59924557 -.00000064  00000+0  00000+0 0  9996
2 43567  57.1312  24.5670 0005262 290.1914  69.7531  1.70475946 22144
BEIDOU-3 M13            
1 43622U 18072A   22044.50716843 -.00000023  00000+0  00000+0 0  9995
2 43622  55.4084 115.5200 0006791 278.2097 119.0108  1.86231392 23142
BEIDOU-3 M14            
1 43623U 18072B   22043.97266368 -.00000030  00000+0  00000+0 0  9996
2 43623  55.4088 115.5303 0004356 299.9375 189.1566  1.86231379 23135
GPS BIII-1              
1 43873U 18109A   22044.53570198 -.00000022  00000+0  00000+0 0  9997
2 43873  55.0678 154.7857 0017287 192.1780 173.9219  2.00565894 23295
METEOR-M2 2             
1 44387U 19038A   22044.53119159  .00000011  00000+0  24308-4 0  9995
2 44387  98.7059   6.4169 0000338 334.8293  25.2861 14.23699207135778
GPS BIII-2              
1 44506U 19056A   22044.39243834 -.00000055  00000+0  00000+0 0  9997
2 44506  55.6210  33.9843 0021042 184.4944 340.9805  2.00570233 18283
BEIDOU-3 M23            
1 44542U 19061A   22043.62396181  .00000088  00000+0  00000+0 0  9997
2 44542  54.6234 236.3518 0008475 354.2173   5.7997  1.86231447 16260
BEIDOU-3 M24            
1 44543U 19061B   22043.75067766  .00000087  00000+0  00000+0 0  9995
2 44543  54.6201 236.3184 0005710 352.5778   3.5300  1.86231707 16257
BEIDOU-3 M21            
1 44793U 19078A   22044.28546640 -.00000099  00000+0  10000-3 0  9991
2 44793  55.0108 354.8915 0007109 358.3500 189.9501  1.86232111 15132
BEIDOU-3 M22            
1 44794U 19078B   22044.40944929 -.00000098  00000+0  00000+0 0  9992
2 44794  54.9850 354.8806 0005333 353.1541 189.6955  1.86232616 15139
ELEKTRO-L 3             
1 44903U 19095A   22044.51829764 -.00000093  00000+0  00000+0 0  9999
2 44903   0.0800 282.4306 0001443  38.8554  84.8146  1.00270605  7829
GPS BIII-3              
1 45854U 20041A   22044.45276397 -.00000014  00000+0  00000+0 0  9992
2 45854  55.4277  91.2521 0019469 176.1493 332.3122  2.00560538 12253
GPS BIII-4              
1 46826U 20078A   22044.02790142  .00000040  00000+0  00000+0 0  9992
2 46826  54.6499 275.1429 0014219 182.1142 351.6124  2.00566659  9719
GSAT0223 (GALILEO 27)   
1 49809U 21116A   22043.74492126 -.00000064  00000+0  00000+0 0  9996
2 49809  57.1243  24.4618 0002398 257.5994 281.6754  1.70476123  1153
GSAT0224 (GALILEO 28)   
1 49810U 21116B   22044.44834862 -.00000062  00000+0  00000+0 0  9991
2 49810  57.1254  24.4410 0001970 274.3978  89.0804  1.70476054  1194
