TDRS 3                  
1 19548U 88091B   22043.89080084 -.00000291  00000+0  00000+0 0  9992
2 19548  13.8023 352.3043 0041014 330.8857  91.4956  1.00268048109496
HST                     
1 20580U 90037B   22044.34237559  .00001970  00000+0  10722-3 0  9995
2 20580  28.4695 270.8277 0002674 135.6414  28.5170 15.10032555547430
TDRS 5                  
1 21639U 91054B   22044.59470396  .00000091  00000+0  00000+0 0  9993
2 21639  14.2451   5.6292 0027316 351.1584 193.4858  1.00265376111821
TDRS 6                  
1 22314U 93003B   22044.32397914 -.00000288  00000+0  00000+0 0  9994
2 22314  14.1217   8.8584 0007366  93.1196 112.1115  1.00275112106518
TDRS 7                  
1 23613U 95035B   22044.37621917 -.00000194  00000+0  00000+0 0  9998
2 23613  14.0227 359.5403 0027797  40.9579 323.1133  1.00274195 97368
ISS (ZARYA)             
1 25544U 98067A   22044.71682569  .00008905  00000+0  16520-3 0  9994
2 25544  51.6419 228.0454 0005892 127.5306 334.8414 15.49751934326030
LANDSAT 7               
1 25682U 99020A   22044.45686435  .00000177  00000+0  48795-4 0  9997
2 25682  97.9988  97.3394 0001831 101.1049 259.0364 14.57223668214492
TERRA                   
1 25994U 99068A   22044.53864590  .00000234  00000+0  61878-4 0  9995
2 25994  98.1508 119.2296 0001189  93.6079  19.3055 14.57145163178450
TDRS 8                  
1 26388U 00034A   22044.52082696 -.00000227  00000+0  00000+0 0  9994
2 26388  10.1720  43.4043 0020755 328.3787  48.2323  1.00264863 79294
TIMED                   
1 26998U 01055B   22044.58132537  .00000657  00000+0  74749-4 0  9993
2 26998  74.0732 166.3822 0000502 313.0082  47.1057 14.88462171 94572
TDRS 9                  
1 27389U 02011A   22044.54434281 -.00000285  00000+0  00000+0 0  9990
2 27389   8.7571  61.9447 0028204 292.1922 282.9421  1.00278678 74551
AQUA                    
1 27424U 02022A   22044.57510755  .00000446  00000+0  10904-3 0  9992
2 27424  98.2356 347.7449 0000635  79.8544  93.3954 14.57139374 52142
TDRS 10                 
1 27566U 02055A   22044.59193050  .00000093  00000+0  00000+0 0  9992
2 27566   7.9772  50.6454 0008710 316.1145 178.8285  1.00276886 70342
SORCE                   
1 27651U 03004A   22044.44567594  .00001022  00000+0  11893-3 0  9993
2 27651  39.9943 189.7102 0024093 319.2247  40.6739 14.89561175 34579
AURA                    
1 28376U 04026A   22044.54756730  .00000456  00000+0  11118-3 0  9996
2 28376  98.2232 349.6769 0001287  87.4914 272.6431 14.57112806935185
SWIFT                   
1 28485U 04047A   22044.48225710  .00003511  00000+0  20610-3 0  9994
2 28485  20.5574 100.0929 0010927 165.6508 194.4238 15.05573808944834
THEMIS A                
1 30580U 07004A   22044.28026247 -.00000657  00000+0  52915-2 0  9992
2 30580  15.5048 356.6497 8389996 141.8948 327.0937  0.87833612 27343
THEMIS D                
1 30797U 07004D   22044.33721520 -.00000646  00000+0  00000+0 0  9997
2 30797  11.7329 346.1454 8360713 155.1087 354.4400  0.87836632 51563
THEMIS E                
1 30798U 07004E   22044.38168898 -.00000670  00000+0  00000+0 0  9993
2 30798  12.1418 358.1731 8345380 145.5482 356.1457  0.87840030 51988
AIM                     
1 31304U 07015A   22044.49167947  .00006369  00000+0  33781-3 0  9991
2 31304  97.8596 319.2635 0006768  83.6762 276.5240 15.15715327812403
FGRST (GLAST)           
1 33053U 08029A   22044.35932271  .00001621  00000+0  75389-4 0  9992
2 33053  25.5827 293.1044 0012137 181.1675 178.8833 15.11806501754890
WISE                    
1 36119U 09071A   22044.55058239  .00004982  00000+0  16361-3 0  9998
2 36119  97.2575  81.4764 0003558  52.6876 307.4690 15.32021851676525
TDRS 11                 
1 39070U 13004A   22044.58886479  .00000087  00000+0  00000+0 0  9997
2 39070   3.0491 342.7214 0005532  43.0667 155.3234  1.00270523 30806
TDRS 12                 
1 39504U 14004A   22044.33399164 -.00000259  00000+0  00000+0 0  9995
2 39504   3.9707 345.2063 0002050  67.3675 170.1354  1.00272355 28380
GPM-CORE                
1 39574U 14009C   22044.55007493  .00009314  00000+0  13626-3 0  9994
2 39574  65.0028 250.1156 0010856 285.1876  74.8070 15.56102490452323
MMS 1                   
1 40482U 15011A   22035.39583333 -.00001917  00000+0  00000+0 0  9992
2 40482  33.3441 111.0118 8551655  44.2353 166.2437  0.28444681 12927
MMS 2                   
1 40483U 15011B   22035.39583333 -.00001917  00000+0  00000+0 0  9993
2 40483  33.3423 111.0150 8551071  44.2411 166.2162  0.28444626 12981
MMS 3                   
1 40484U 15011C   22035.39583333 -.00001918  00000+0  00000+0 0  9995
2 40484  33.3466 111.0642 8555299  44.2285 166.2535  0.28449204 12666
MMS 4                   
1 40485U 15011D   22021.20833333 -.00001550  00000+0  00000+0 0  9991
2 40485  33.3349 111.3679 8526881  43.4204 156.2432  0.28428872 12839
TDRS 13                 
1 42915U 17047A   22044.42898618 -.00000091  00000+0  00000+0 0  9997
2 42915   4.6533 332.4451 0014673  99.6144 214.1546  1.00271896 16453
JPSS-1                  
1 43013U 17073A   22044.52246874  .00000033  00000+0  36701-4 0  9995
2 43013  98.7458 344.7677 0001503  78.3276 281.8069 14.19528478219649
