NOAA 15                 
1 25338U 98030A   22044.58645686  .00000096  00000+0  58669-4 0  9993
2 25338  98.6594  75.6527 0009416 301.4087  58.6171 14.26089797235369
DMSP 5D-3 F15 (USA 147) 
1 25991U 99067A   22044.59093413  .00000106  00000+0  76230-4 0  9991
2 25991  99.0436  34.1077 0010186 174.7590 293.4731 14.16498539146235
METEOSAT-8 (MSG-1)      
1 27509U 02040B   22044.15252994  .00000137  00000+0  00000+0 0  9997
2 27509   7.8083  51.3077 0000788 354.2527 194.0943  1.00280072 71362
DMSP 5D-3 F16 (USA 172) 
1 28054U 03048A   22044.60287282  .00000048  00000+0  49280-4 0  9999
2 28054  98.9789  34.8329 0006682 313.6236 155.1370 14.13651898945530
NOAA 18                 
1 28654U 05018A   22044.54562583  .00000149  00000+0  10478-3 0  9995
2 28654  98.9643 115.0130 0013525 324.5383  35.4888 14.12687689862487
METEOSAT-9 (MSG-2)      
1 28912U 05049B   22044.28963696  .00000079  00000+0  00000+0 0  9995
2 28912   5.7418  67.0848 0001444 225.0046 324.5479  1.00411310 59182
FORMOSAT-3 FM6          
1 29047U 06011A   22044.43077918  .00000291  00000+0  12998-3 0  9994
2 29047  71.9795 313.0168 0048294  97.2088 263.4542 14.28903115827844
FORMOSAT-3 FM1          
1 29048U 06011B   22044.60460871  .00000229  00000+0  10627-3 0  9996
2 29048  71.9648 222.8656 0042219  54.5090 305.9974 14.28857725830346
FORMOSAT-3 FM5          
1 29049U 06011C   22044.43245128  .00000240  00000+0  11043-3 0  9990
2 29049  72.0204  38.3132 0032634  76.3490 284.1277 14.28939736826119
FORMOSAT-3 FM3          
1 29050U 06011D   22044.56704331  .00000644  00000+0  14429-3 0  9991
2 29050  72.0159 122.0615 0051619 301.6619  57.9504 14.59243583844715
FORMOSAT-3 FM4          
1 29051U 06011E   22044.41794341  .00000195  00000+0  91241-4 0  9995
2 29051  72.0054 299.2239 0069468 315.6423  43.9160 14.28973623828691
FORMOSAT-3 FM2          
1 29052U 06011F   22044.37277970  .00000259  00000+0  11743-3 0  9994
2 29052  72.0354  15.3278 0038810  32.3149 328.0353 14.29082452826185
EWS-G1 (GOES 13)        
1 29155U 06018A   22044.51541942  .00000039  00000+0  00000+0 0  9990
2 29155   0.4743  98.7576 0004345 161.1175 130.7594  1.00269373 27483
METOP-A                 
1 29499U 06044A   22044.58573992  .00000974  00000+0  13787-3 0  9995
2 29499  98.4689  85.1704 0199522  36.5148 122.9434 14.66933044792518
DMSP 5D-3 F17 (USA 191) 
1 29522U 06050A   22044.53654631  .00000088  00000+0  68973-4 0  9998
2 29522  98.7743  61.8684 0008856 251.4335 108.5877 14.14071151788399
FENGYUN 3A              
1 32958U 08026A   22044.48168464  .00000054  00000+0  46159-4 0  9993
2 32958  98.4855  12.2938 0009276  28.2348 331.9330 14.18688552710642
FENGYUN 2E              
1 33463U 08066A   22044.59217145 -.00000203  00000+0  00000+0 0  9999
2 33463   5.6329  66.0136 0003801 349.3505  28.0682  1.00275675 48202
NOAA 19                 
1 33591U 09005A   22044.53303772  .00000084  00000+0  70330-4 0  9995
2 33591  99.1642  75.9732 0014083 172.4736 187.6648 14.12529708670690
GOES 14                 
1 35491U 09033A   22044.59851001 -.00000089  00000+0  00000+0 0  9994
2 35491   0.0281  44.5612 0013458 184.3878  25.6161  1.00271734 46227
METEOR-M 1              
1 35865U 09049A   22044.51398566  .00000069  00000+0  50126-4 0  9996
2 35865  98.5121  19.0900 0001608 201.6232 158.4879 14.22305244643928
DMSP 5D-3 F18 (USA 210) 
1 35951U 09057A   22044.52704735  .00000169  00000+0  11284-3 0  9993
2 35951  98.7091  27.0566 0012200  80.6433 279.6119 14.13444214635629
GOES 15                 
1 36411U 10008A   22044.57797189  .00000056  00000+0  00000+0 0  9998
2 36411   0.0344 240.6196 0001555 128.1871 214.7749  1.00279525 43787
COMS 1                  
1 36744U 10032A   22044.52867659 -.00000342  00000+0  00000+0 0  9998
2 36744   0.7553  95.6624 0001122 220.3819 145.9745  1.00273015 35203
FENGYUN 3B              
1 37214U 10059A   22044.63460483  .00000006  00000+0  27139-4 0  9999
2 37214  99.0920  48.4089 0022026 347.3543 120.9680 14.14243533583453
SUOMI NPP               
1 37849U 11061A   22044.59236999  .00000035  00000+0  37116-4 0  9993
2 37849  98.7219 344.9355 0001029  73.3127 101.7969 14.19544116533625
FENGYUN 2F              
1 38049U 12002A   22044.16043612 -.00000355  00000+0  00000+0 0  9996
2 38049   3.4894  80.6264 0005616 352.6114 239.7227  1.00264092 36993
METEOSAT-10 (MSG-3)     
1 38552U 12035B   22044.28972417  .00000064  00000+0  00000+0 0  9994
2 38552   1.3615  32.7448 0001616 235.6732 348.6098  1.00265703 35326
METOP-B                 
1 38771U 12049A   22044.54558579  .00000061  00000+0  47669-4 0  9994
2 38771  98.6829 106.1674 0001826  69.7460  60.4920 14.21495740488136
FENGYUN 3C              
1 39260U 13052A   22044.53444482  .00000062  00000+0  52396-4 0  9993
2 39260  98.4703  78.8298 0009892 272.8210  87.1842 14.15899393434389
METEOR-M 2              
1 40069U 14037A   22044.58182860  .00000013  00000+0  25054-4 0  9997
2 40069  98.4424  67.9762 0005117 334.1981  25.8946 14.20697402394276
HIMAWARI-8              
1 40267U 14060A   22044.59487668 -.00000273  00000+0  00000+0 0  9996
2 40267   0.0336 267.9836 0000812  46.6002 183.8078  1.00273692 26871
FENGYUN 2G              
1 40367U 14090A   22044.52300741 -.00000299  00000+0  00000+0 0  9997
2 40367   1.6241  90.6730 0003550 316.8925  23.8164  1.00264831 26106
METEOSAT-11 (MSG-4)     
1 40732U 15034A   22044.28780537  .00000000  00000+0  00000+0 0  9999
2 40732   0.2071 340.8406 0001445  91.8280 174.1554  1.00277839 24128
ELEKTRO-L 2             
1 41105U 15074A   22044.42846287 -.00000115  00000+0  00000+0 0  9997
2 41105   2.6764  89.5971 0001045 146.6014  46.9465  1.00270251 22623
HIMAWARI-9              
1 41836U 16064A   22044.59597622 -.00000272  00000+0  00000+0 0  9996
2 41836   0.0141 174.8632 0001177 159.8506 164.1714  1.00270846 19306
GOES 16                 
1 41866U 16071A   22044.53677576 -.00000245  00000+0  00000+0 0  9998
2 41866   0.0892 273.2719 0001211  75.4945 272.7954  1.00271116 19225
FENGYUN 4A              
1 41882U 16077A   22044.59574740 -.00000327  00000+0  00000+0 0  9998
2 41882   0.1135  82.9290 0005737 345.5656  34.1994  1.00268361 19097
CYGFM05                 
1 41884U 16078A   22044.29966274  .00002822  00000+0  14679-3 0  9997
2 41884  34.9550 254.5998 0014551  56.5227 303.6873 15.15556459285931
CYGFM04                 
1 41885U 16078B   22044.26273768  .00002952  00000+0  15130-3 0  9991
2 41885  34.9480 244.7462 0012841  72.3676 287.8437 15.16067924286121
CYGFM02                 
1 41886U 16078C   22044.58486588  .00002726  00000+0  13978-3 0  9990
2 41886  34.9570 244.8925 0013606  69.5006 290.7165 15.16088356286091
CYGFM01                 
1 41887U 16078D   22044.28381712  .00002757  00000+0  14429-3 0  9997
2 41887  34.9518 256.8632 0015008  55.8770 304.3363 15.15333452285883
CYGFM08                 
1 41888U 16078E   22043.97593164  .00002772  00000+0  14337-3 0  9994
2 41888  34.9486 251.9936 0014145  64.3439 295.8732 15.15762815285961
CYGFM06                 
1 41889U 16078F   22044.56623730  .00002525  00000+0  12960-3 0  9990
2 41889  34.9565 243.7099 0012543  68.9649 291.2403 15.16101298286039
CYGFM07                 
1 41890U 16078G   22043.95364628  .00002835  00000+0  14544-3 0  9996
2 41890  34.9504 246.3572 0012352  67.8793 292.3229 15.16054393285923
CYGFM03                 
1 41891U 16078H   22043.95176115  .00002839  00000+0  14572-3 0  9994
2 41891  34.9537 246.8027 0011875  65.7657 294.4294 15.16049675285916
FENGYUN 3D              
1 43010U 17072A   22044.55062739  .00000040  00000+0  40335-4 0  9996
2 43010  98.8028 349.8580 0000681 246.9564 113.1525 14.19181644220194
NOAA 20                 
1 43013U 17073A   22044.52246874  .00000033  00000+0  36701-4 0  9995
2 43013  98.7458 344.7677 0001503  78.3276 281.8069 14.19528478219649
GOES 17                 
1 43226U 18022A   22044.56987663  .00000101  00000+0  00000+0 0  9992
2 43226   0.0664 275.1255 0000574  57.1554 239.2270  1.00273034 14533
FENGYUN 2H              
1 43491U 18050A   22044.51890815 -.00000126  00000+0  00000+0 0  9992
2 43491   0.8357 100.1596 0002674  24.5558 284.7681  1.00274875 13549
METOP-C                 
1 43689U 18087A   22044.48686505  .00000061  00000+0  47946-4 0  9998
2 43689  98.7025 106.3610 0003556  54.4362 305.7146 14.21494362169696
GEO-KOMPSAT-2A          
1 43823U 18100A   22044.45689601 -.00000341  00000+0  00000+0 0  9998
2 43823   0.0172  92.1005 0001053 297.3620  46.7195  1.00271339 11726
METEOR-M2 2             
1 44387U 19038A   22044.53119159  .00000011  00000+0  24308-4 0  9995
2 44387  98.7059   6.4169 0000338 334.8293  25.2861 14.23699207135778
FENGYUN 3E              
1 49008U 21062A   22044.54946457 -.00000007  00000+0  17457-4 0  9993
2 49008  98.7099  48.4663 0002304  31.5584 328.5741 14.19819628 31734
