APRIZESAT 2             
1 28366U 04025A   22044.60433906  .00000096  00000+0  44416-4 0  9996
2 28366  98.1857 279.9158 0107387 348.2288  11.6391 14.36777939924032
SAUDICOMSAT 1           
1 28369U 04025D   22044.45847869  .00000237  00000+0  68773-4 0  9998
2 28369  98.4237   5.4314 0033170 192.6751 167.3613 14.52698881933841
SAUDICOMSAT 2           
1 28370U 04025E   22044.40585168  .00000261  00000+0  81999-4 0  9998
2 28370  98.5155   4.0523 0058181  18.6413 341.6893 14.47614822930684
APRIZESAT 1             
1 28372U 04025G   22044.44067501  .00000191  00000+0  61323-4 0  9991
2 28372  98.4764   4.4893 0045226 293.6226  66.0223 14.49731401932130
NANOSAT-1               
1 28493U 04049B   22044.54499480  .00000516  00000+0  86758-4 0  9997
2 28493  98.1091 145.3379 0003950 345.5157  14.5937 14.73810288921615
SAUDICOMSAT 7           
1 31119U 07012C   22044.34197593  .00000307  00000+0  69363-4 0  9998
2 31119  98.1705 351.4799 0061027 118.8936 241.8407 14.61959156790578
SAUDICOMSAT 6           
1 31121U 07012E   22044.42920801  .00000264  00000+0  64855-4 0  9999
2 31121  98.2140 346.8516 0075555 217.8164 141.7713 14.58753790788863
SAUDICOMSAT 5           
1 31124U 07012H   22044.41757158  .00000411  00000+0  86738-4 0  9992
2 31124  98.1388 353.2914 0052738  67.8033 292.8753 14.63673361791440
SAUDICOMSAT 3           
1 31125U 07012J   22044.35588867  .00000542  00000+0  10789-3 0  9992
2 31125  98.1036 354.9104 0043596  17.3106 342.9572 14.65471457792332
SAUDICOMSAT 4           
1 31127U 07012L   22044.42561633  .00000272  00000+0  64164-4 0  9991
2 31127  98.1942 349.8649 0068140 165.1995 195.1221 14.60472922789773
APRIZESAT 4             
1 35684U 09041D   22044.54269029  .00000512  00000+0  75074-4 0  9993
2 35684  98.3150  53.9280 0047637  30.5639 329.8331 14.79485594676749
APRIZESAT 3             
1 35686U 09041F   22044.48198273  .00000768  00000+0  87268-4 0  9991
2 35686  98.1142 128.4234 0071476 230.7107 128.7756 14.87675821680171
AISSAT 1                
1 36797U 10035C   22044.42924482  .00001077  00000+0  12757-3 0  9997
2 36797  98.2320 223.8102 0010356 208.3926 151.6725 14.86747675628010
S-NET D                 
1 43186U 18014G   22044.35653299  .00002228  00000+0  19637-3 0  9992
2 43186  97.6677 312.4564 0010811   4.5987 355.5332 14.97408602220343
S-NET B                 
1 43187U 18014H   22044.49020318  .00002172  00000+0  19162-3 0  9999
2 43187  97.6674 312.5447 0010810   4.0918 356.0390 14.97408002220366
S-NET A                 
1 43188U 18014J   22044.49042462  .00002184  00000+0  19263-3 0  9999
2 43188  97.6679 312.6012 0010799   4.2358 355.8954 14.97407199220366
S-NET C                 
1 43189U 18014K   22044.35733641  .00002221  00000+0  19582-3 0  9997
2 43189  97.6674 312.4046 0010826   4.5902 355.5417 14.97406159218897
SALSAT                  
1 46495U 20068K   22044.56346099  .00002184  00000+0  16270-3 0  9991
2 46495  97.7195 345.9837 0016104 343.2096  16.8594 15.03888094 75568
